7
1
10
4
23
29
34
37
36
39
40
41
43
44
42
45
46
47
48
49
50
51
52
54
56
53
57
60
61
72
84
119
130
131
151
181
188
209
202
210
208
230
263
264
282
283
295
305
304
323
324
325
328
352
353
354
357
355
356
359
358
360
361
362
365
367
366
368
371
369
370
372
373
374
375
376
382
384
385
386
394
399
412
413
416
417
418
420
432
443
444
448
447
449
450
456
463
461
474
472
477
478
484
486
487
485
495
498
514
516
517
515
519
518
520
529
528
545
556
566
569
589
610
611
645
656
683
684
715
716
717
718
719
720
721
722
723
724
725
726
727
728
729
730
731
732
733
735
734
737
736
739
738
741
740
748
749
915
937
945
952
959
960
958
969
970
971
972
973
974
997
999
998
1000
1001
1005
1003
1007
1009
1011
1013
1015
1002
1008
1004
1010
1014
1006
1020
1012
1021
1016
1025
1027
1028
1019
1026
1029
1030
1031
1032
1033
1034
1036
1037
1041
1042
1038
1043
1046
1044
1048
1047
1055
1056
1054
1057
1053
1062
1061
1063
1065
1066
1060
1068
1069
1064
1070
1074
1071
1072
1076
1078
1077
1079
1081
1080
1082
1083
1084
1086
1085
1087
1094
1095
1097
1098
1096
1101
1100
1099
1104
1105
1106
1102
1107
1108
1110
1109
1111
1112
1113
1117
1118
1119
1120
1121
1122
1128
1129
1130
1132
1131
1133
1134
1135
1136
1138
1139
1137
1140
1141
1142
1144
1145
1146
1143
1147
1148
1149
1150
1151
1152
1153
1154
1156
1155
1157
1158
1159
1160
1161
1166
1167
1168
1169
1170
1171
1172
1173
1174
1175
1176
1177
1180
1178
1179
1181
1182
1183
1184
1186
1185
1187
1191
1190
1188
1192
1189
1193
1195
1194
1196
1197
1199
1198
1200
1201
1203
1202
1204
1205
1207
1206
1208
1209
1210
1211
1212
1214
1215
1216
1218
1219
1220
1217
1221
1222
1223
1225
1227
1224
1226
1228
1229
1230
1231
1232
1233
1234
1235
1236
1237
1238
1239
1243
1241
1240
1242
1258
1261
1270
1274
1276
1275
1286
1287
1288
1289
1290
1291
1292
1293
1295
1296
1297
1298
1299
1300
1301
1302
1303
1304
1305
1306
1307
1309
1308
1310
1311
1312
1313
1314
1315
1317
1316
1318
1319
1320
1321
1322
1323
1324
1325
1326
1327
1328
1329
1330
1331
1333
1332
1335
1334
1336
1337
1338
1339
1340
1341
1343
1342
1344
1345
1347
1346
1348
1351
1349
1350
1355
1354
1352
1353
1356
1357
1384
1385
1383
1395
1390
1399
1401
1400
1409
1425
1432
1445
1446
1447
1451
1449
1453
1454
1455
1456
1457
1458
1459
1460
1461
1462
1463
1465
1464
1467
1468
1469
1470
1471
1472
1473
1474
1475
1466
1478
1477
1476
1486
1501
1502
1503
1500
1505
1507
1504
1508
1506
1510
1511
1509
1512
1513
1514
1515
1517
1518
1516
1519
1521
1520
1524
1526
1527
1522
1529
1531
1530
1528
1532
1533
1536
1545
1565
1570
1575
1582
1602
1601
1603
1604
1605
1606
1614
1617
1625
1638
1657
1664
1671
1674
1681
1695
1692
1703
1704
1706
1707
1708
1709
1728
1733
1737
1741
1742
1744
1743
1746
1747
1748
1749
1750
1751
1752
1745
1753
1754
1755
1756
1757
1759
1758
1760
1763
1762
1761
1764
1765
1766
1767
1768
1769
1780
1784
1794
1796
1795
1797
1798
1799
1800
1801
1804
1805
1806
1820
1821
1822
1823
1827
1828
1856
1866
1867
1869
1886
1897
1916
1929
1928
1932
1953
1952
1960
1972
1973
1971
1974
1981
1982
1983
2041
2040
2050
2052
2053
2051
2063
2066
2068
2073
2081
2113
2121
2127
2128
2129
2130
2146
2150
2158
2159
2167
2174
2190
2201
2208
2224
2230
2243
2248
2256
2271
2273
2272
2276
2279
2278
2281
2283
2305
2308
2315
2317
2326
2327
2329
2328
2338
2340
2339
2343
2342
2341
2344
2347
2345
2350
2351
2352
2353
2354
2356
2364
2365
2366
2367
2368
2369
2372
2384
2403
2396
2404
2406
2407
2408
2409
2418
2419
2421
2423
2424
2425
2426
2427
2420
2422
2432
2439
2445
2446
2451
2450
2458
2461
2465
2466
2467
2468
2471
2472
2473
2474
2475
2476
2477
2478
2479
2480
2481
2482
2484
2485
2488
2489
2490
2491
2492
2483
2494
2495
2497
2496
2498
2499
2500
2504
2505
2506
2507
2509
2508
2510
2511
2512
2513
2514
2518
2515
2520
2521
2519
2522
2523
2524
2530
2529
2531
2532
2534
2533
2535
2541
2542
2543
2540
2544
2545
2547
2548
2549
2550
2551
2552
2554
2553
2555
2556
2557
2558
2559
2560
2561
2562
2563
2564
2568
2569
2571
2570
2572
2573
2579
2578
2583
2581
2580
2582
2584
2585
2586
2589
2590
2591
2592
2596
2598
2597
2595
2599
2600
2602
2601
2606
2603
2607
2615
2618
2622
2624
2626
2627
2628
2629
2631
2630
2632
2633
2634
2635
2638
2643
2650
2651
2653
2656
2658
2659
2660
2663
2664
2673
2676
2677
2679
2678
2680
2681
2682
2683
2684
2685
2686
2688
2689
2691
2693
2695
2697
2704
2705
2706
2708
2709
2710
2711
2713
2714
2715
2716
2720
2717
2723
2724
2727
2726
2725
2729
2733
2730
2736
2737
2739
2738
2741
2743
2746
2745
2744
2763
2765
2766
2780
2781
2782
2783
2785
2795
2794
2799
2801
2806
2808
2809
2812
2810
2811
2816
2818
2822
2825
2827
2828
2829
2831
2833
2834
2835
2836
2838
2839
2842
2843
2853
2862
2864
2866
2867
2868
2865
2869
2871
2870
2872
2874
2875
2873
2876
2877
2878
2879
2880
2881
2883
2884
2885
2886
2889
2888
2902
2910
2913
2917
2915
2918
2919
2916
2920
2921
2931
2930
2932
2933
2935
2934
2936
2937
2939
2938
2941
2940
2944
2945
2943
2942
2946
2947
2948
2949
2950
2951
2952
2953
2955
2954
2975
2980
3000
2999
3005
3018
3020
3038
3039
3044
3045
3047
3046
3058
3091
3106
3123
3120
3128
3130
3129
3135
3137
3138
3136
3139
3140
3141
3142
3143
3167
3169
3180
3181
3182
3184
3185
3183
3186
3187
3188
3189
3190
3191
3193
3192
3194
3195
3197
3196
3198
3207
3220
3219
3221
3223
3222
3224
3225
3226
3227
3229
3230
3231
3228
3232
3233
3235
3234
3236
3239
3237
3238
3240
3241
3242
3243
3245
3244
3246
3247
3248
3249
3251
3250
3252
3254
3255
3253
3256
3257
3258
3260
3259
3261
3262
3263
3264
3265
3266
3269
3267
3268
3270
3271
3272
3274
3275
3273
3276
3279
3278
3277
3281
3283
3285
3282
3284
3280
3289
3292
3295
3294
3296
3298
3297
3299
3300
3301
3302
3303
3304
3307
3308
3310
3311
3312
3313
3315
3314
3318
3316
3319
3317
3320
3321
3322
3323
3325
3324
3326
3327
3328
3329
3330
3331
3334
3332
3333
3338
3335
3336
3337
3342
3339
3341
3340
3352
3354
3353
3356
3355
3357
3359
3360
3358
3362
3363
3364
3366
3365
3367
3369
3368
3370
3371
3373
3372
3375
3374
3377
3379
3380
3381
3376
3378
3382
3384
3383
3386
3388
3387
3389
3390
3391
3385
3392
3393
3394
3395
3415
3428
3431
3430
3433
3429
3434
3435
3436
3438
3439
3440
3443
3441
3442
3444
3445
3446
3449
3447
3448
3450
3451
3452
3453
3454
3455
3456
3457
3458
3460
3461
3462
3459
3463
3465
3466
3464
3467
3468
3487
3491
3492
3493
3494
3497
3495
3496
3500
3499
3498
3501
3504
3503
3502
3505
3507
3506
3530
3531
3533
3532
3535
3534
3550
3552
3553
3551
3566
3568
3567
3570
3569
3571
3599
3601
3605
3606
3608
3609
3607
3611
3613
3612
3614
3615
3616
3617
3618
3610
3620
3619
3621
3622
3623
3624
3625
3626
3627
3628
3629
3630
3633
3634
3637
3636
3639
3642
3643
3644
3647
3646
3645
3648
3649
3650
3651
3652
3653
3654
3655
3656
3657
3658
3659
3660
3661
3663
3664
3665
3662
3666
3668
3667
3669
3670
3672
3673
3674
3671
3675
3676
3677
3678
3680
3702
3704
3705
3706
3707
3708
3709
3710
3711
3712
3713
3714
3715
3719
3718
3721
3720
3723
3725
3724
3726
3727
3729
3728
3730
3731
3733
3722
3732
3734
3735
3736
3738
3737
3739
3742
3740
3741
3743
3744
3745
3747
3746
3748
3749
3750
3751
3752
3754
3755
3753
3756
3758
3759
3757
3760
3761
3762
3765
3768
3769
3770
3771
3772
3773
3775
3774
3776
3779
3778
3781
3788
3789
3790
3791
3793
3794
3795
3796
3792
3797
3798
3799
3800
3801
3802
3803
3804
3805
3806
3807
3808
3809
3810
3811
3812
3813
3814
3816
3815
3817
3818
3819
3820
3822
3823
3825
3824
3826
3828
3821
3829
3830
3831
3832
3827
3833
3834
3835
3836
3838
3837
3839
3840
3841
3843
3842
3844
3847
3850
3852
3853
3848
3849
3854
3855
3857
3856
3858
3859
3862
3860
3863
3861
3864
3868
3869
3871
3872
3873
3874
3876
3879
3880
3878
3882
3881
3883
3884
3885
3886
3888
3890
3891
3889
3893
3892
3895
3894
3897
3898
3900
3896
3903
3904
3905
3908
3907
3909
3906
3911
3914
3913
3910
3912
3915
3916
3917
3918
3919
3925
3926
3927
3928
3932
3945
3946
3947
3948
3951
3950
3952
3954
3955
3953
3957
3956
3949
3958
3963
3964
3965
3971
3972
3973
3974
3975
3990
3991
3992
3993
3994
3995
3996
3997
4001
3998
3999
4000
4002
4004
4003
4005
4006
4007
4008
4009
4010
4013
4014
4015
4017
4016
4018
4020
4021
4019
4022
4026
4027
4028
4029
4030
4036
4035
4038
4039
4037
4040
4041
4042
4045
4046
4047
4048
4052
4053
4055
4054
4057
4056
4058
4059
4060
4062
4063
4064
4061
4066
4065
4067
4068
4069
4070
4071
4072
4075
4074
4076
4078
4077
4079
4080
4081
4082
4083
4084
4086
4087
4088
4085
4091
4090
4093
4094
4092
4097
4095
4096
4089
4099
4101
4098
4102
4100
4103
4109
4115
4117
4118
4119
4120
4121
4122
4124
4125
4116
4126
4128
4127
4129
4130
4123
4131
4135
4136
4137
4138
4142
4139
4143
4144
4145
4150
4151
4152
4158
4160
4161
4159
4163
4164
4165
4166
4167
4168
4172
4177
4178
4183
4184
4185
4189
4190
4186
4187
4188
4197
4198
4200
4206
4207
4210
4211
4209
4214
4215
4212
4216
4218
4219
4220
4221
4222
4223
4224
4236
4246
4263
4262
4264
4265
4273
4275
4276
4277
4278
4280
4294
4293
4298
4301
4299
4302
4303
4304
4305
4306
4308
4309
4310
4312
4314
4313
4315
4316
4318
4317
4321
4320
4328
4319
4329
4330
4331
4332
4333
4334
4335
4336
4340
4341
4343
4342
4345
4346
4350
4353
4354
4356
4358
4357
4359
4360
4361
4362
4363
4355
4372
4381
4389
4390
4388
4392
4400
4401
4404
4405
4406
4409
4411
4417
4420
4422
4424
4426
4425
4427
4428
4431
4430
4429
4432
4433
4438
4444
4445
4446
4447
4448
4449
4450
4468
4469
4472
4473
4471
4490
4491
4492
4493
4502
4503
4504
4505
4508
4506
4511
4510
4509
4514
4521
4522
4524
4525
4530
4531
4545
4549
4563
4576
4575
4577
4583
4581
4586
4582
4585
4589
4591
4590
4594
4598
4596
4602
4601
4603
4604
4605
4600
4606
4608
4607
4609
4617
4621
4619
4620
4623
4622
4618
4624
4626
4625
4631
4632
4634
4636
4637
4640
4642
4646
4648
4650
4647
4649
4651
4661
4662
4664
4663
4665
4666
4667
4668
4669
4670
4671
4672
4674
4673
4675
4686
4687
4690
4691
4692
4693
4694
4696
4697
4698
4699
4711
4714
4713
4716
4715
4718
4712
4717
4720
4721
4724
4726
4725
4737
4742
4740
4743
4744
4748
4749
4751
4745
4752
4753
4757
4756
4755
4754
4759
4760
4761
4758
4763
4768
4769
4773
4774
4770
4776
4775
4778
4779
4777
4783
4784
4793
4794
4795
4797
4796
4801
4802
4803
4804
4805
4810
4811
4812
4817
4818
4819
4821
4827
4828
4829
4831
4833
4830
4842
4844
4843
4845
4847
4848
4849
4850
4851
4852
4846
4853
4854
4856
4855
4859
4860
4861
4862
4863
4864
4865
4866
4867
4869
4870
4871
4872
4873
4874
4875
4876
4877
4878
4884
4891
4892
4894
4895
4904
4905
4906
4907
4908
4914
4915
4919
4920
4941
4943
4957
4969
4980
4994
1017
1035
1045
1022
1067
1431
1434
1525
1668
2027
3887
4741
5005
5007
5009
5011
5015
5013
5016
5018
5008
5012
5006
5020
5021
5014
5022
5019
5010
5023
5024
5025
5017
5026
5028
5027
5029
5030
5031
5032
5039
5042
5043
5044
5045
5059
5088
5089
5090
5091
5092
5093
5094
5095
5096
5097
5099
5098
5100
5101
5102
5103
5104
5105
5106
5107
5108
5112
5110
5109
5111
5116
5115
5114
5113
5117
5120
5118
5119
5129
5131
5130
5132
5133
5135
5134
5136
5138
5140
5141
5142
5148
5149
5154
5159
5160
5158
5164
5162
5163
5169
5170
5173
5180
5189
5190
5191
5192
5193
5194
5195
5196
5197
5198
5200
5202
5207
5208
5199
5211
5210
5209
5212
5213
5214
5215
5216
5217
5218
5219
5221
5222
5223
5224
5225
5226
5220
5231
5230
5238
5239
5240
5250
5251
5254
5253
5260
5262
5264
5265
5267
5266
5268
5269
5271
5270
5272
5273
5274
5275
5276
5277
5278
5280
5281
5283
5285
5287
5288
5290
5291
5293
5292
5294
5295
5297
5296
5298
5299
5300
5301
5303
5306
5304
5307
5309
5308
5310
5311
5312
5305
5313
5315
5314
5316
5317
5318
5320
5321
5322
5323
5324
5325
5326
5327
5329
5328
5330
5331
5337
5339
5340
5341
5342
5343
5344
5345
5346
5347
5348
5349
5350
5351
5352
5356
5355
5357
5358
5359
5360
5361
5362
5363
5364
5365
5366
5367
5368
5369
5370
5371
5372
5373
5374
5376
5378
5377
5379
5380
5381
5382
5383
5384
5386
5385
5387
5388
5390
5389
5391
5392
5394
5395
5396
5398
5399
5400
5401
5402
5403
5404
5405
5406
5397
5407
5409
5410
5411
5412
5414
5408
5415
5416
5417
5418
5419
5420
5423
5426
5427
5428
5429
5430
5431
5432
5433
5435
5436
5437
5438
5439
5440
5441
5444
5446
5447
5448
5449
5450
5451
5452
5453
5454
5455
5456
5457
5466
5467
5474
5475
5468
5476
5477
5478
5480
5487
5490
5496
5498
5499
5500
5502
5504
5505
5512
5529
5530
5531
5532
5533
5534
5535
5536
5537
5538
5539
5540
5541
5542
5543
5545
5547
5553
5554
5555
5556
5557
5560
5561
5563
5564
5565
5566
5567
5568
5569
5570
5571
5572
5573
5574
5575
5576
5577
5578
5579
5581
5580
5582
5583
5585
5584
5586
5587
5588
5603
5605
5604
5607
5610
5611
5612
5613
5614
5615
5616
5617
5627
5628
5629
5633
5639
5641
5659
5663
5665
5664
5666
5667
5670
5668
5671
5672
5682
5681
5687
5685
5695
5696
5697
5703
5705
5713
5712
5736
5737
5738
5739
5758
5775
5779
5782
5783
5784
5785
5786
5787
5788
5790
5789
5791
5792
5793
5794
5795
5797
5807
5806
5808
5809
5811
5813
5812
5810
5815
5814
5819
5821
5823
5824
5827
5836
5837
5838
5841
5847
5861
5860
5862
5863
5865
5864
5866
5867
5872
5877
5878
5880
5882
5883
5884
5885
5895
5903
5907
5908
5918
5940
5942
5944
5943
5946
5945
5948
5947
5949
5963
5962
5964
5974
5975
5976
5977
5978
5979
5981
5980
5982
5983
5985
5984
5986
5987
5988
5989
5993
5997
6015
6025
6031
6033
6034
6036
6035
6039
6040
6041
6042
6043
6044
6045
6046
6047
6048
6049
6050
6052
6051
6053
6054
6055
6061
6062
6063
6064
6065
6066
6067
6070
6082
6084
6085
6086
6087
6088
6089
6090
6091
6094
6092
6093
6095
6096
6098
6097
6099
6100
6101
6111
6119
6120
6121
6125
6126
6127
6128
6129
6130
6132
6133
6134
6135
6136
6137
6138
6140
6141
6142
6139
6143
6144
6150
6151
6152
6157
6161
6164
6170
6184
6188
6189
6190
6191
6193
6192
6194
6197
6195
6199
6198
6201
6212
6211
6221
6218
6219
6220
6223
6229
6234
6235
6237
6240
6238
6239
6241
6243
6242
6244
6245
6248
6247
6249
6246
6250
6252
6251
6253
6255
6254
6256
6257
6261
6259
6258
6260
6265
6262
6263
6268
6266
6267
6269
6270
6272
6273
6271
6276
6274
6275
6284
6285
6286
6288
6287
6289
6290
6292
6291
6293
6294
6295
6297
6298
6300
6299
6301
6302
6303
6305
6306
6307
6308
6311
6313
6315
6314
6316
6321
6323
6325
6324
6326
6327
6328
6329
6331
6330
6332
6333
6336
6337
6338
6339
6340
6342
6344
6345
6347
6348
6343
6350
6351
6352
6349
6353
6354
6355
6356
6357
6358
6362
6370
6371
6376
6378
6377
6375
6379
6380
6381
6387
6388
6389
6390
6392
6394
6395
6402
6403
6406
6405
6407
6408
6411
6410
6409
6413
6412
6421
6419
6423
6422
6424
6426
6428
6425
6427
6430
6429
6431
6432
6434
6433
6437
6438
6445
6446
6448
6447
6449
6451
6452
6453
6454
6456
6457
6455
6450
6459
6458
6475
6484
6481
6483
6491
6490
6492
6494
6493
6496
6495
6503
6504
6505
6506
6507
6508
6515
6516
6517
6518
6527
6531
6530
6532
6533
6534
6539
6541
6540
6543
6542
6544
6545
6546
6549
6551
6550
6555
6559
6560
6561
6562
6563
6565
6566
6568
6564
6569
6572
6567
6573
6570
6574
6571
6576
6577
6579
6583
6586
6594
6595
6596
6597
6598
6599
6600
6601
6602
6604
6605
6606
6607
6611
6612
6613
6616
6617
6622
6625
6626
6627
6629
6631
6638
6640
6642
6648
6649
6650
6651
6652
6653
6654
6655
6657
6659
6660
6661
6662
6664
6666
6667
6665
6668
6669
6670
6671
6672
6674
6675
6673
6677
6676
6678
6679
6681
6682
6680
6683
6685
6686
6684
6698
6700
6701
6702
6704
6705
6706
6707
6708
6709
6710
6711
6712
6713
6714
6716
6717
6718
6719
6721
6725
6726
6724
6727
6728
6729
6730
6731
6732
6734
6736
6738
6735
6737
6739
6740
6741
6742
6743
6744
6745
6746
6747
6748
6749
6750
6751
6752
6753
6754
6757
6756
6759
6755
6760
6758
6761
6762
6763
6764
6767
6766
6765
6768
6769
6770
6771
6774
6772
6775
6773
6776
6777
6779
6778
6781
6783
6780
6782
6784
6786
6785
6787
6791
6790
6788
6796
6798
6799
6797
6800
6802
6801
6789
6805
6803
6807
6804
6806
6810
6809
6808
6812
6811
6813
6815
6814
6816
6817
6818
6821
6820
6822
6824
6826
6819
6827
6828
6823
6831
6830
6825
6832
6833
6834
6835
6836
6837
6829
6838
6839
6840
6841
6842
6843
6846
6847
6848
6849
6850
6851
6852
6853
6854
6855
6856
6857
6858
6859
6860
6861
6862
6863
6864
6865
6866
6867
6868
6869
6870
6871
6872
6873
6875
6876
6879
6880
6874
6885
6886
6887
6888
6892
6891
6893
6894
6889
6890
6895
6896
6898
6897
6899
6900
6901
6902
6904
6906
6907
6908
6909
6903
6910
6912
6919
6911
6920
6921
6922
6923
6925
6924
6926
6927
6928
6918
6929
6930
6931
6938
6937
6939
6940
6941
6942
6944
6943
6953
6954
6952
6985
6986
6987
6988
6989
6990
6991
6992
6994
6993
6995
6996
6999
6997
6998
7000
7002
7001
7003
7004
7005
7013
7016
7017
7018
7019
7021
7020
7022
7023
7025
7024
7026
7028
7029
7027
7030
7031
7032
7033
7034
7035
7037
7036
7038
7039
7041
7040
7042
7043
7045
7044
7046
7047
7048
7049
7050
7051
7052
7053
7054
7055
7058
7056
7059
7062
7060
7061
7063
7064
7065
7068
7067
7069
7071
7066
7072
7073
7074
7075
7076
7078
7079
7080
7081
7077
7082
7083
7086
7087
7084
7089
7094
7097
7098
7099
7100
7101
7103
7104
7105
7102
7106
7107
7108
7109
7111
7113
7112
7116
7110
7115
7117
7119
7118
7114
7120
7121
7122
7123
7124
7126
7125
7128
7130
7129
7127
7132
7133
7134
7135
7136
7137
7138
7140
7139
7141
7142
7143
7144
7145
7146
7147
7148
7149
7150
7152
7153
7151
7154
7155
7156
7157
7158
7162
7160
7161
7163
7164
7165
7166
7159
7167
7169
7170
7168
7171
7173
7174
7172
7175
7176
7179
7185
7187
7186
7188
7189
7190
7184
7192
7194
7195
7196
7197
7198
7199
7200
7201
7202
7203
7204
7205
7206
7207
7208
7209
7212
7221
7222
7223
7224
7225
7226
7231
7232
7236
7235
7238
7239
7240
7241
7243
7244
7242
7245
7246
7247
7248
7251
7250
7253
7255
7254
7256
7258
7257
7259
7261
7260
7252
7262
7264
7265
7263
7283
7284
7285
7287
7286
7293
7307
7308
7309
7311
7306
7310
7312
7313
7314
7318
7316
7317
7315
7321
7322
7319
7324
7323
7328
7320
7329
7331
7330
7332
7333
7335
7334
7337
7336
7338
7339
7352
7354
7355
7356
7357
7358
7359
7360
7361
7362
7363
7365
7366
7367
7369
7368
7370
7371
7373
7374
7375
7377
7376
7378
7380
7381
7379
7372
7382
7383
7384
7386
7385
7387
7388
7389
7390
7391
7393
7394
7395
7396
7397
7398
7400
7401
7402
7403
7404
7405
7407
7406
7408
7409
7410
7399
7411
7412
7414
7416
7413
7417
7418
7419
7420
7421
7422
7423
7415
7424
7425
7427
7426
7428
7429
7430
7431
7433
7432
7434
7435
7436
7437
7438
7439
7440
7441
7444
7447
7455
7463
7464
7465
7466
7467
7469
7468
7471
7472
7470
7473
7474
7475
7476
7477
7478
7479
7480
7481
7482
7486
7488
7487
7489
7490
7491
7492
7493
7494
7496
7495
7497
7499
7498
7503
7505
7519
7521
7522
7523
7524
7525
7526
7527
7528
7529
7530
7531
7533
7532
7534
7535
7536
7539
7538
7537
7540
7542
7541
7543
7544
7546
7545
7556
7557
7558
7559
7560
7561
7563
7564
7562
7565
7567
7566
7568
7569
7570
7571
7572
7573
7574
7575
7576
7577
7578
7579
7580
7582
7583
7581
7585
7588
7586
7584
7587
7589
7590
7591
7592
7593
7595
7594
7596
7597
7598
7599
7600
7601
7602
7603
7604
7605
7609
7607
7608
7610
7611
7606
7613
7612
7614
7615
7616
7617
7618
7619
7621
7620
7622
7623
7624
7625
7626
7628
7629
7630
7631
7632
7627
7633
7634
7635
7636
7637
7639
7638
7640
7641
7642
7643
7644
7645
7646
7647
7648
7649
7650
7651
7652
7653
7655
7654
7656
7657
7658
7659
7661
7660
7662
7663
7664
7665
7666
7667
7668
7669
7670
7671
7672
7675
7674
7673
7676
7677
7679
7678
7680
7682
7681
7683
7685
7687
7686
7684
7689
7690
7691
7688
7692
7694
7695
7693
7696
7697
7699
7698
7700
7701
7703
7702
7704
7705
7706
7707
7708
7709
7710
7711
7712
7713
7715
7716
7714
7717
7718
7719
7721
7722
7724
7723
7725
7726
7727
7728
7729
7720
7730
7731
7732
7733
7739
7740
7741
7742
7743
7744
7745
7748
7746
7749
7751
7750
7752
7753
7754
7755
7747
7756
7758
7757
7759
7761
7760
7762
7763
7764
7765
7767
7766
7769
7771
7768
7770
7774
7773
7772
7775
7776
7780
7782
7777
7779
7778
7783
7781
7784
7786
7785
7787
7788
7790
7789
7792
7794
7791
7793
7796
7799
7798
7801
7800
7802
7804
7795
7803
7805
7806
7810
7807
7809
7808
7812
7813
7811
7814
7815
7816
7817
7818
7819
7820
7822
7821
7825
7826
7823
7824
7830
7827
7829
7831
7833
7832
7828
7835
7834
7836
7838
7841
7842
7843
7845
7844
7846
7847
7849
7848
7850
7852
7853
7851
7854
7855
7856
7875
7876
7877
7878
7880
7879
7881
7882
7883
7884
7885
7886
7888
7889
7887
7890
7891
7892
7893
7894
7895
7897
7896
7899
7898
7900
7902
7903
7905
7901
7906
7904
7907
7908
7911
7910
7912
7909
7917
7918
7919
7921
7920
7923
7922
7924
7925
7927
7926
7928
7929
7930
7931
7932
7933
7934
7935
7936
7937
7939
7940
7941
7943
7945
7938
7946
7948
7947
7952
7951
7950
7949
7954
7953
7956
7955
7957
7958
7960
7959
7962
7961
7963
7964
7966
7965
7967
7968
7969
7970
7971
7977
7976
7982
7986
7990
7989
7991
7993
7994
7995
7996
7997
7998
7999
8000
8001
8002
8003
8006
8004
8013
8018
8019
8020
8021
8022
8024
8023
8025
8026
8027
8029
8028
8030
8031
8032
8035
8033
8034
8036
8037
8039
8038
8040
8042
8041
8050
8081
8082
8083
8084
8085
8086
8087
8091
8096
8098
8097
8099
8100
8102
8101
8104
8103
8106
8105
8107
8108
8109
8110
8111
8113
8112
8115
8114
8116
8117
8118
8119
8121
8120
8122
8123
8125
8124
8126
8127
8131
8132
8133
8134
8135
8137
8136
8138
8140
8142
8145
8146
8147
8148
8139
8149
8150
8151
8152
8153
8154
8155
8156
8157
8158
8159
8160
8161
8162
8163
8164
8165
8167
8168
8166
8169
8171
8172
8170
8175
8173
8176
8174
8177
8178
8179
8181
8182
8183
8185
8187
8184
8186
8188
8189
8180
8190
8192
8191
8196
8203
8206
8207
8210
8215
8218
8225
8226
8227
8228
8229
8230
8231
8233
8234
8235
8238
8236
8237
8239
8240
8232
8241
8242
8243
8244
8245
8246
8248
8249
8250
8251
8253
8254
8255
8257
8256
8258
8259
8252
8260
8261
8262
8263
8264
8278
8294
8295
8296
8297
8301
8299
8298
8302
8300
8303
8304
8306
8305
8307
8308
8309
8311
8310
8312
8313
8315
8314
8318
8320
8323
8322
8331
8334
8335
8339
8350
8354
8360
8361
8362
8365
8369
8364
8375
8376
8377
8378
8381
8385
8389
8384
8395
8396
8397
8399
8401
8402
8403
8405
8404
8406
8407
8411
8412
8431
8433
8432
8449
8450
8451
8448
8454
8455
8458
8459
8466
8472
8473
8474
8475
8476
8477
8478
8479
8480
8481
8482
8483
8484
8485
8486
8492
8493
8495
8496
8497
8498
8499
8501
8500
8502
8503
8504
8505
8506
8508
8507
8510
8509
8511
8513
8514
8515
8516
8517
8518
8519
8520
8521
8522
8523
8524
8525
8526
8527
8528
8530
8529
8531
8532
8533
8534
8535
8537
8539
8540
8538
8542
8543
8544
8547
8548
8549
8550
8541
8553
8551
8552
8554
8559
8560
8561
8562
8563
8564
8565
8566
8567
8568
8569
8570
8571
8572
8574
8573
8575
8576
8577
8578
8581
8580
8582
8586
8589
8590
8591
8593
8594
8595
8597
8598
8596
8599
8601
8600
8606
8603
8604
8605
8610
8608
8607
8609
8611
8613
8612
8614
8616
8615
8620
8621
8622
8624
8623
8625
8626
8627
8628
8629
8630
8631
8632
8634
8633
8636
8638
8635
8639
8637
8640
8641
8642
8647
8650
8654
8657
8655
8658
8659
8660
8661
8662
8666
8663
8667
8670
8671
8673
8674
8678
8679
8682
8683
8684
8686
8687
8685
8695
8700
8702
8706
8707
8709
8708
8711
8710
8713
8714
8712
8715
8716
8717
8718
8719
8720
8721
8722
8723
8724
8725
8726
8727
8728
8729
8730
8731
8732
8734
8733
8735
8742
8746
8750
8752
8753
8751
8754
8755
8756
8757
8760
8759
8761
8762
8763
8758
8774
8775
8782
8783
8787
8786
8788
8791
8790
8789
8792
8795
8794
8793
8796
8798
8797
8799
8800
8803
8802
8801
8807
8805
8808
8804
8806
8811
8812
8815
8817
8819
8822
8823
8824
8825
8826
8828
8829
8830
8855
8857
8858
8862
8861
8864
8865
8894
8912
8911
8917
8918
8919
8921
8924
8936
8945
8946
8949
8950
8955
8956
8957
8958
8962
8969
8971
8979
8993
8994
9000
9001
9002
9004
9006
9014
9015
9018
9020
9019
9046
9049
9055
9068
9088
9094
9106
9105
9108
9107
9109
9110
9112
9111
9113
9114
9115
9117
9116
9118
9119
9121
9122
9120
9124
9125
9126
9123
9128
9130
9127
9131
9132
9129
9133
9134
9135
9136
9139
9138
9140
9141
9137
9142
9144
9145
9146
9143
9147
9148
9149
9150
9151
9153
9152
9155
9156
9154
9157
9159
9158
9160
9161
9162
9163
9164
9165
9166
9167
9171
9169
9168
9170
9172
9174
9173
9176
9175
9178
9177
9180
9181
9179
9184
9182
9183
9185
9186
9187
9188
9191
9190
9189
9192
9193
9194
9195
9197
9196
9198
9202
9199
9200
9201
9203
9204
9205
9206
9209
9207
9210
9213
9212
9214
9211
9215
9217
9218
9219
9220
9221
9216
9222
9223
9224
9225
9228
9226
9229
9227
9230
9231
9232
9233
9235
9236
9237
9238
9239
9234
9241
9243
9244
9240
9245
9242
9246
9247
9248
9249
9250
9251
9253
9307
9309
9324
9329
9332
9328
9338
9351
9363
9365
9376
9380
9435
9436
9467
9484
9485
9492
9500
9498
9505
9518
9521
9525
9575
9578
9590
9649
9661
9668
9670
9712
9720
9723
9733
9734
9735
9743
9744
9747
9752
9758
9780
9790
9808
9811
9818
9831
9848
9852
9850
9851
9853
9854
9856
9855
9857
9859
9860
9861
9862
9863
9864
9865
9866
9858
9887
9888
9891
9926
9931
9933
9934
9936
9970
9961
9979
9983
9996
10038
10043
10058
10059
10082
10099
10101
10106
10143
10181
10182
10194
10203
10230
10240
10245
10262
10277
10284
10290
10298
10302
10318
10321
10325
10332
10334
10343
10346
10352
10365
10382
10405
10430
10441
10453
10454
10455
10456
10457
10459
10460
10465
10504
10508
10512
10517
10522
10554
10595
10602
10624
10662
10666
10682
10701
10700
10709
10713
10721
10736
10737
10738
10745
10767
10769
10777
10789
10814
10815
10826
10883
10892
10893
10901
10919
10920
10924
10928
10936
10962
10963
10964
10965
10967
10968
10966
10979
10983
10993
11014
11080
11079
11102
11118
11136
11138
11140
11146
11154
11173
11180
11233
11241
11245
11251
11254
11262
11263
11265
11264
11266
11267
11268
11269
11270
11271
11272
11273
11274
11275
11276
11277
11278
11279
11288
11289
11290
11294
11320
11325
11341
11410
11432
11433
11434
11435
11437
11438
11436
11461
11473
11486
11487
11493
11501
11538
11552
11581
11582
11585
11608
11640
11641
11685
11695
11716
11720
11723
11724
11722
11725
11727
11721
11729
11730
11731
11733
11734
11726
11736
11738
11739
11732
11740
11741
11743
11744
11745
11737
11746
11747
11749
11748
11742
11750
11751
11753
11755
11754
11756
11757
11758
11759
11760
11764
11762
11769
11785
11792
11793
11794
11803
11805
11833
11865
11875
11882
11883
11885
11921
11923
11924
11941
11961
11987
11988
11989
11990
11991
11992
11993
11994
11995
11996
11997
11998
11999
12001
12002
12003
12004
12005
12007
12006
12008
12009
12010
12000
12011
12013
12012
12014
12015
12016
12017
12018
12019
12020
12021
12022
12024
12023
12026
12027
12029
12028
12031
12030
12032
12025
12033
12036
12037
12038
12039
12041
12034
12042
12035
12043
12045
12046
12047
12048
12040
12049
12044
12051
12052
12053
12054
12055
12057
12056
12058
12059
12050
12062
12063
12065
12066
12060
12061
12067
12068
12069
12072
12064
12071
12073
12077
12070
12080
12081
12082
12084
12075
12087
12091
12134
12141
12152
12164
12168
12188
12190
12191
12194
12199
12200
12202
12204
12203
12210
12218
12226
12248
12250
12252
12260
12263
12264
12267
12282
12284
12283
12285
12286
12288
12287
12290
12291
12294
12292
12293
12296
12297
12298
12299
12300
12301
12304
12295
12303
12306
12305
12307
12316
12317
12318
12320
12319
12321
12322
12323
12324
12325
12326
12327
12328
12329
12330
12331
12332
12333
12336
12334
12337
12338
12340
12341
12339
12342
12344
12343
12346
12345
12347
12348
12349
12350
12351
12352
12353
12355
12356
12357
12358
12360
12359
12361
12362
12363
12365
12364
12366
12367
12368
12370
12372
12371
12373
12374
12375
12376
12377
12378
12379
12381
12382
12380
12383
12384
12385
12386
12387
12388
12389
12390
12391
12392
12394
12396
12398
12393
12397
12401
12409
12415
12421
12419
12423
12431
12436
12440
12439
12458
12460
12459
12461
12462
12463
12464
12465
12466
12467
12492
12507
12522
12533
12546
12557
12564
12566
12571
12595
12603
12624
12641
12640
12642
12643
12644
12666
12667
12668
12669
12670
12671
12672
12673
12676
12678
12686
12687
12694
12725
12734
12735
12736
12737
12738
12739
12740
12741
12742
12743
12744
12745
12746
12747
12748
12749
12750
12751
12752
12753
12754
12755
12757
12756
12760
12769
12773
12784
12785
12792
12801
12820
12822
12824
12825
12827
12829
12830
12833
12835
12842
12844
12843
12847
12845
12848
12849
12850
12851
12852
12853
12854
12856
12846
12857
12859
12858
12860
12862
12861
12863
12864
12865
12866
12867
12868
12869
12870
12871
12872
12873
12874
12876
12875
12878
12881
12884
12885
12883
12886
12891
12893
12882
12892
12894
12895
12896
12897
12898
12899
12904
12905
12906
12907
12908
12910
12909
12913
12916
12917
12918
12915
12922
12925
12923
12926
12928
12927
12929
12930
12931
12932
12933
12936
12935
12934
12937
12938
12939
12941
12940
12943
12944
12946
12945
12947
12948
12949
12951
12942
12952
12953
12954
12957
12956
12950
12958
12959
12960
12961
12962
12964
12955
12965
12966
12968
12969
12967
12970
12972
12973
12974
12971
12975
12976
12977
12978
12979
12980
12981
12982
12983
12984
12985
12986
12987
12988
12989
12990
12991
12992
12993
12995
12998
12996
12999
13000
12997
13011
13028
13029
13030
13031
13032
13033
13034
13035
13036
13037
13038
13039
13049
13052
13057
13069
13095
13096
13130
13139
13157
13176
13165
13178
13182
13208
13211
13212
13213
13215
13216
13218
13219
13217
13214
13224
13226
13227
13228
13229
13230
13231
13232
13233
13235
13236
13237
13238
13239
13234
13261
13262
13263
13264
13266
13265
13267
13268
13269
13270
13271
13272
13278
13281
13286
13287
13288
13290
13289
13314
13316
13322
13323
13324
13326
13327
13325
13328
13330
13331
13332
13329
13344
13347
13349
13357
13366
13367
13381
13388
13392
13395
13410
13419
13420
13422
13421
13423
13424
13425
13427
13426
13445
13449
13450
13453
13456
13458
13464
13467
13469
13473
13478
13487
13502
13504
13500
13530
13540
13543
13547
13565
13575
13583
13594
13593
13598
13599
13602
13601
13603
13604
13605
13606
13608
13615
13609
13620
13625
13631
13638
13656
13658
13659
13660
13662
13663
13661
13677
13684
13695
13694
13714
13716
13717
13719
13720
13725
13724
13736
13738
13744
13743
13750
13753
13756
13758
13769
13772
13779
13781
13782
13800
13801
13806
13810
13814
13829
13831
13832
13833
13837
13838
13839
13843
13844
13845
13846
13857
13858
13859
13869
13878
13887
13886
13890
13895
13897
13900
13906
13940
13951
13953
13961
13974
13977
13978
13985
13987
13999
13992
14006
14007
14009
14010
14015
14018
14020
14027
14026
14031
14032
14038
14039
14045
14046
14049
14051
14056
14058
14060
14077
14085
14093
14095
14099
14100
14101
14102
14104
14106
14107
14109
14110
14115
14119
14121
14124
14131
14129
14133
14146
14150
14151
14153
14155
14176
14178
14179
14182
14184
14183
14186
14188
14185
14203
14218
14222
14225
14227
14221
14230
14246
14250
14253
14260
14261
14259
14270
14281
14288
14300
14303
14304
14309
14311
14314
14315
14316
14318
14319
14321
14323
14322
14327
14331
14333
14335
14332
14338
14341
14343
14340
14345
14354
14356
14360
14363
14364
14366
14371
14374
14377
14378
14379
14380
14381
14382
14385
14386
14388
14391
14401
14404
14418
14426
14431
14437
14454
14461
14465
14466
14470
14471
14473
14477
14481
14490
14494
14496
14500
14501
14502
14504
14507
14508
14509
14511
14514
14515
14513
14519
14523
14528
14532
14535
14545
14559
14562
14563
14567
14568
14586
14592
14598
14601
14602
14599
14610
14616
14618
14622
14625
14640
14647
14661
14663
14665
14668
14678
14680
14679
14682
14691
14690
14692
14693
14697
14699
14700
14701
14702
14713
14706
14717
14719
14727
14731
14732
14737
14738
14739
14740
14744
14747
14754
14764
14767
14768
14762
14779
14780
14781
14783
14777
14796
14798
14800
14802
14803
14824
14826
14827
14828
14841
14855
14856
14858
14860
14861
14867
14870
14875
14876
14879
14884
14888
14890
14894
14901
14909
14917
14918
14920
14925
14927
14932
14934
14936
14935
14939
14941
14944
14946
14947
14948
14950
14951
14952
14953
14954
14956
14955
14957
14958
14959
14960
14961
14964
14965
14966
14967
14969
14970
14971
14972
14975
14984
14985
14986
14987
14988
14989
14990
14991
14992
14993
14994
14997
14998
14995
14996
14999
15001
15002
15000
15009
15027
15032
15038
15047
15051
15061
15063
15078
15079
15082
15085
15076
15095
15100
15099
15103
15101
15107
15123
15127
15129
15130
15131
15132
15134
15133
15141
15150
15151
15153
15154
15160
15161
15172
15174
15175
15176
15178
15180
15183
15187
15190
15191
15193
15194
15195
15197
15204
15207
15211
15215
15218
15217
15220
15221
15219
15222
15224
15223
15225
15226
15228
15229
15230
15231
15232
15235
15234
15236
15238
15240
15241
15243
15245
15249
15246
15248
15252
15253
15269
15270
15274
15275
15277
15287
15288
15291
15293
15295
15296
15297
15305
15304
15307
15306
15309
15311
15308
15315
15317
15326
15327
15330
15328
15332
15335
15334
15341
15343
15337
15344
15350
15351
15345
15348
15353
15349
15354
15358
15364
15367
15369
15376
15385
15399
15396
15405
15406
15407
15408
15409
15410
15404
15415
15424
15427
15428
15430
15431
15441
15442
15444
15445
15446
15447
15448
15452
15454
15461
15471
15491
15500
15507
15517
15518
15519
15521
15522
15523
15524
15526
15528
15529
15533
15538
15545
15547
15553
15561
15562
15565
15569
15572
15579
15586
15593
15594
15597
15604
15610
15612
15615
15620
15621
15623
15626
15627
15628
15629
15630
15631
15633
15634
15635
15636
15637
15632
15643
15649
15650
15656
15663
15666
15679
15680
15688
15692
15694
15695
15704
15710
15715
15721
15726
15731
15735
15738
15743
15746
15747
15750
15751
15758
15757
15760
15763
15769
15778
15779
15780
15783
15784
15786
15790
15793
15796
15798
15808
15799
15812
15818
15832
15841
15852
15853
15857
15862
15863
15868
15870
15874
15878
15880
15881
15882
15883
15884
15885
15886
15887
15890
15889
15891
15893
15892
15896
15897
15905
15918
15924
15933
15937
15949
15950
15946
15954
15958
15960
15963
15966
15968
15970
15971
15972
15984
15985
15988
15989
15995
15996
15998
16001
16011
16021
16024
16035
16041
16051
16054
16062
16065
16069
16073
16078
16086
16087
16088
16098
16099
16104
16105
16106
16107
16108
16109
16118
16120
16125
16134
16141
16142
16144
16145
16152
16163
16165
16168
16169
16181
16189
16199
16196
16206
16210
16215
16230
16243
16245
16244
16252
16251
16254
16255
16253
16262
16265
16267
16260
16273
16282
16286
16291
16293
16298
16292
16302
16310
16316
16317
16329
16332
16330
16333
16334
16338
16343
16357
16362
16368
16376
16386
16389
16393
16396
16397
16401
16400
16408
16434
16438
16443
16446
16449
16451
16457
16459
16461
16462
16466
16468
16467
16469
16470
16473
16474
16476
16477
16472
16478
16475
16480
16479
16481
16483
16485
16482
16484
16489
16488
16490
16491
16493
16492
16494
16497
16496
16498
16500
16499
16501
16495
16502
16503
16504
16505
16506
16507
16510
16512
16518
16519
16521
16522
16527
16528
16529
16531
16525
16533
16534
16540
16536
16542
16543
16544
16546
16547
16549
16556
16557
16565
16567
16568
16569
16570
16571
16572
16573
16575
16574
16579
16578
16581
16582
16583
16584
16585
16586
16587
16588
16589
16580
16594
16595
16596
16597
16590
16598
16600
16601
16602
16603
16607
16610
16609
16615
16616
16621
16623
16625
16626
16627
16628
16630
16629
16631
16637
16645
16647
16648
16649
16650
16655
16656
16663
16658
16667
16670
16669
16671
16674
16676
16679
16678
16680
16682
16681
16683
16684
16688
16677
16689
16694
16695
16696
16697
16698
16691
16704
16706
16707
16708
16711
16712
16709
16713
16714
16715
16717
16718
16719
16720
16721
16724
16728
16732
16733
16734
16735
16736
16737
16738
16739
16741
16742
16743
16740
16746
16745
16747
16744
16748
16751
16749
16750
16752
16753
16755
16754
16756
16758
16757
16760
16762
16770
16772
16773
16776
16775
16777
16778
16779
16782
16786
16787
16792
16793
16795
16796
16794
16799
16797
16798
16801
16807
16809
16810
16812
16813
16805
16815
16816
16817
16818
16811
16819
16823
16827
16826
16829
16831
16830
16832
16833
16834
16835
16836
16837
16828
16838
16840
16842
16844
16845
16848
16862
16868
16870
16872
16879
16880
16883
16892
16893
16895
16896
16898
16897
16903
16906
16908
16913
16917
16918
16920
16924
16935
16936
16937
16940
16942
16943
16944
16945
16946
16948
16947
16949
16950
16951
16952
16954
16955
16957
16959
16960
16961
16964
16963
16953
16965
16966
16968
16967
16970
16974
16975
16979
16981
17016
17018
17020
17014
17026
17033
17032
17036
17034
17039
17045
17049
17050
17051
17052
17042
17054
17056
17055
17060
17061
17062
17063
17064
17065
17066
17067
17068
17069
17070
17071
17072
17076
17079
17087
17089
17092
17093
17095
17096
17098
17103
17104
17105
17107
17115
17116
17117
17121
17123
17125
17145
17146
17148
17147
17149
17150
17151
17162
17163
17177
17178
17183
17184
17176
17188
17197
17194
17201
17206
17215
17211
17220
17219
17222
17224
17225
17226
17231
17232
17233
17235
17246
17248
17249
17250
17252
17253
17254
17255
17256
17257
17259
17260
17261
17265
17267
17269
17270
17273
17279
17268
17280
17284
17289
17290
17291
17292
17293
17294
17297
17298
17301
17299
17296
17304
17307
17308
17310
17311
17312
17313
17315
17316
17321
17324
17325
17327
17328
17329
17333
17340
17341
17344
17349
17348
17351
17353
17361
17363
17368
17369
17370
17371
17372
17373
17374
17377
17378
17380
17383
17385
17387
17391
17392
17390
17393
17394
17395
17396
17397
17389
17404
17405
17406
17411
17412
17416
17419
17420
17410
17423
17424
17425
17426
17427
17429
17434
17437
17440
17438
17441
17444
17442
17446
17449
17451
17454
17453
17459
17461
17462
17463
17458
17468
17471
17472
17476
17475
17477
17484
17488
17489
17490
17492
17491
17493
17497
17500
17498
17502
17503
17504
17505
17506
17531
17560
17563
17564
17565
17567
17568
17569
17570
17573
17572
17574
17576
17579
17583
17588
17587
17596
17598
17603
17597
17611
17613
17615
17616
17617
17619
17621
17620
17623
17625
17624
17633
17634
17643
17647
17648
17650
17652
17655
17656
17662
17666
17676
17683
17690
17688
17694
17697
17698
17713
17714
17715
17716
17717
17718
17719
17721
17722
17723
17724
17726
17727
17730
17732
17733
17735
17737
17739
17743
17746
17747
17748
17749
17752
17751
17750
17742
17754
17753
17755
17756
17757
17758
17759
17760
17763
17765
17766
17769
17776
17777
17781
17783
17782
17784
17786
17787
17788
17789
17793
17797
17798
17799
17802
17807
17815
17817
17816
17822
17823
17826
17827
17828
17833
17839
17841
17850
17855
17857
17858
17859
17860
17861
17862
17863
17864
17865
17866
17867
17869
17872
17873
17876
17877
17878
17879
17882
17883
17884
17891
17896
17900
17904
17924
17928
17929
17930
17931
17932
17934
17936
17937
17939
17943
17942
17944
17945
17948
17947
17946
17951
17950
17953
17957
17967
17970
17972
17973
17975
17977
17981
17980
17982
17986
17987
17989
17996
17998
17999
18000
18003
18005
18006
18007
18008
18010
18013
18004
18014
18020
18021
18022
18023
18024
18025
18026
18027
18028
18036
18039
18049
18042
18057
18058
18059
18062
18067
18071
18075
18076
18077
18078
18081
18083
18084
18090
18092
18099
18101
18103
18104
18105
18106
18107
18108
18109
18110
18102
18114
18115
18121
18124
18130
18134
18135
18136
18137
18138
18140
18139
18145
18144
18156
18157
18159
18160
18163
18170
18184
18185
18186
18194
18195
18201
18207
18226
18227
18234
18233
18235
18236
18237
18241
18243
18244
18251
18249
18255
18258
18260
18261
18263
18266
18267
18268
18270
18271
18275
18277
18285
18284
18288
18294
18297
18301
18306
18304
18308
18309
18310
18313
18315
18318
18319
18322
18324
18325
18326
18330
18332
18335
18336
18337
18339
18340
18341
18342
18344
18345
18346
18347
18348
18349
18350
18351
18353
18356
18354
18358
18361
18364
18363
18367
18369
18378
18386
18390
18388
18393
18396
18401
18403
18407
18416
18418
18430
18433
18439
18448
18453
18459
18469
18470
18473
18471
18474
18479
18481
18482
18483
18485
18488
18490
18494
18515
18518
18521
18525
18522
18523
18536
18537
18541
18542
18544
18546
18572
18577
18578
18579
18580
18582
18581
18584
18583
18594
18593
18600
18601
18599
18605
18608
18617
18622
18623
18625
18629
18630
18636
18640
18641
18655
18656
18657
18659
18661
18663
18664
18662
18668
18669
18675
18677
18678
18685
18689
18687
18697
18699
18708
18709
18716
18717
18718
18719
18720
18723
18728
18732
18730
18738
18737
18740
18743
18744
18745
18746
18748
18750
18752
18751
18753
18757
18765
18768
18769
18772
18782
18786
18789
18788
18792
18793
18794
18796
18795
18797
18798
18800
18810
18811
18821
18824
18827
18830
18829
18831
18833
18832
18834
18838
18842
18844
18847
18850
18854
18859
18863
18868
18873
18876
18883
18895
18907
18911
18914
18915
18918
18924
18931
18933
18938
18945
18951
18956
18957
18959
18958
18960
18961
18962
18963
18964
18965
18967
18982
18991
18997
18999
19000
19003
19005
19007
19012
19015
19022
19023
19024
19028
19030
19038
19043
19045
19046
19047
19055
19056
19057
19060
19061
19062
19068
19070
19069
19077
19081
19088
19090
19091
19093
19102
19104
19110
19113
19117
19121
19125
19134
19135
19145
19146
19149
19160
19161
19162
19163
19168
19172
19175
19179
19182
19191
19190
19193
19192
19202
19207
19211
19210
19216
19217
19218
19219
19220
19224
19225
19226
19227
19228
19231
19229
19230
19232
19233
19234
19239
19240
19242
19246
19248
19250
19253
19245
19260
19261
19262
19264
19270
19272
19280
19283
19284
19285
19290
19282
19291
19289
19292
19302
19308
19309
19313
19314
19315
19320
19321
19327
19328
19331
19334
19329
19339
19340
19343
19346
19347
19341
19353
19359
19360
19367
19370
19364
19372
19377
19374
19376
19385
19387
19390
19391
19393
19395
19394
19396
19397
19408
19409
19410
19411
19412
19407
19417
19421
19424
19427
19428
19431
19432
19436
19438
19439
19437
19435
19441
19442
19440
19443
19449
19450
19451
19452
19453
19455
19447
19456
19454
19465
19466
19467
19469
19470
19471
19468
19472
19473
19475
19474
19476
19479
19478
19477
19481
19480
19484
19485
19498
19500
19502
19512
19514
19516
19517
19515
19518
19519
19522
19526
19527
19530
19533
19532
19534
19539
19531
19540
19535
19547
19549
19558
19559
19563
19561
19567
19557
19569
19570
19571
19574
19579
19584
19586
19578
19602
19605
19607
19608
19617
19622
19631
19632
19633
19638
19640
19641
19643
19646
19647
19653
19652
19655
19656
19660
19674
19679
19680
19681
19677
19683
19678
19685
19686
19687
19690
19689
19684
19692
19693
19694
19695
19697
19699
19700
19701
19696
19704
19705
19706
19707
19702
19709
19708
19710
19711
19712
19714
19717
19716
19720
19726
19722
19730
19729
19734
19733
19735
19737
19739
19741
19743
19744
19745
19752
19748
19755
19756
19758
19764
19767
19769
19771
19773
19774
19776
19777
19768
19781
19779
19778
19780
19786
19787
19791
19783
19799
19800
19801
19802
19804
19805
19806
19807
19808
19810
19815
19817
19820
19821
19826
19825
19831
19832
19834
19835
19836
19841
19842
19843
19847
19852
19853
19856
19857
19859
19858
19860
19861
19863
19862
19864
19865
19866
19868
19867
19869
19870
19872
19873
19878
19879
19881
19883
19885
19889
19882
19891
19894
19895
19896
19890
19897
19892
19902
19903
19906
19907
19909
19911
19910
19914
19916
19915
19917
19919
19920
19922
19923
19924
19925
19926
19927
19928
19932
19937
19938
19941
19942
19943
19945
19944
19948
19960
19964
19966
19979
19977
19981
19982
19983
19984
19985
19987
19986
19990
19991
19992
20001
20005
20008
20010
20011
20014
20020
20023
20026
20035
20037
20038
20039
20040
20041
20022
20046
20050
20052
20054
20057
20056
20058
20059
20060
20070
20073
20074
20076
20086
20090
20091
20094
20095
20097
20100
20099
20101
20102
20104
20109
20112
20111
20114
20117
20118
20119
20124
20131
20135
20140
20142
20143
20149
20150
20151
20154
20157
20159
20167
20166
20168
20170
20169
20165
20176
20179
20190
20191
20194
20198
20189
20199
20201
20202
20203
20206
20207
20208
20209
20212
20204
20214
20218
20217
20228
20229
20219
20230
20232
20234
20240
20241
20245
20247
20249
20248
20251
20252
20250
20243
20253
20254
20255
20257
20258
20259
20261
20265
20266
20267
20269
20272
20273
20274
20275
20279
20281
20280
20282
20288
20297
20300
20317
20326
20327
20331
20338
20346
20350
20354
20355
20368
20369
20373
20374
20376
20380
20387
20383
20384
20392
20393
20394
20395
20397
20398
20396
20399
20402
20400
20403
20404
20401
20412
20420
20428
20427
20433
20434
20426
20437
20440
20447
20448
20451
20456
20459
20461
20460
20462
20464
20466
20467
20469
20463
20474
20476
20475
20477
20479
20486
20487
20489
20490
20498
20500
20501
20503
20509
20512
20514
20515
20516
20517
20518
20519
20522
20524
20547
20549
20552
20555
20557
20550
20559
20554
20560
20568
20566
20571
20573
20581
20584
20582
20586
20587
20589
20590
20593
20596
20588
20597
20598
20599
20600
20602
20603
20612
20615
20613
20614
20624
20627
20633
20634
20636
20635
20654
20655
20657
20658
20659
20660
20664
20667
20670
20671
20672
20673
20666
20685
20691
20692
20696
20698
20699
20702
20690
20705
20707
20708
20709
20710
20711
20717
20725
20727
20728
20730
20732
20733
20734
20738
20729
20739
20741
20740
20743
20745
20744
20736
20747
20749
20752
20751
20754
20746
20757
20765
20767
20768
20772
20773
20775
20783
20788
20790
20793
20795
20797
20799
20800
20798
20796
20801
20804
20805
20808
20807
20809
20810
20812
20814
20816
20817
20818
20820
20819
20821
20823
20822
20824
20827
20828
20830
20831
20834
20835
20839
20836
20840
20841
20845
20838
20852
20854
20865
20866
20867
20869
20872
20877
20881
20887
20888
20889
20890
20892
20895
20896
20901
20902
20913
20918
20920
20922
20923
20924
20925
20926
20928
20936
20937
20939
20940
20948
20950
20954
20951
20955
20956
20957
20958
20959
20960
20952
20961
20953
20970
20979
20985
20987
20990
20991
20998
21000
21003
21005
21007
21008
21010
20999
21017
21019
21020
21021
21016
21023
21025
21018
21031
21045
21046
21047
21048
21049
21050
21051
21053
21054
21061
21063
21064
21065
21066
21068
21069
21075
21076
21079
21080
21083
21082
21084
21085
21086
21087
21088
21089
21091
21090
21093
21092
21094
21096
21095
21097
21098
21099
21100
21101
21103
21104
21105
21108
21107
21109
21112
21110
21113
21111
21122
21126
21123
21127
21130
21124
21133
21134
21139
21140
21144
21146
21152
21154
21155
21160
21161
21162
21164
21165
21170
21172
21177
21171
21186
21196
21197
21195
21199
21203
21205
21206
21204
21207
21201
21209
21211
21212
21215
21218
21213
21216
21222
21221
21226
21227
21229
21228
21230
21223
21234
21237
21239
21243
21238
21249
21248
21255
21254
21258
21257
21268
21270
21271
21272
21277
21269
21285
21286
21287
21288
21292
21300
21303
21304
21305
21306
21307
21308
21310
21302
21313
21312
21314
21315
21318
21320
21321
21322
21324
21326
21328
21329
21319
21330
21331
21333
21339
21341
21346
21347
21350
21351
21354
21359
21361
21360
21363
21369
21368
21374
21389
21388
21390
21395
21396
21397
21399
21400
21401
21402
21392
21403
21404
21405
21406
21411
21414
21415
21418
21417
21419
21420
21421
21425
21424
21428
21432
21434
21436
21437
21439
21438
21440
21441
21444
21445
21446
21456
21457
21458
21464
21465
21470
21471
21472
21475
21477
21478
21479
21480
21482
21483
21491
21492
21497
21498
21499
21495
21503
21504
21507
21510
21511
21514
21516
21517
21520
21528
21526
21527
21529
21530
21532
21524
21540
21541
21543
21547
21553
21552
21556
21558
21560
21561
21559
21563
21565
21568
21569
21572
21573
21574
21579
21582
21584
21592
21590
21591
21595
21598
21593
21601
21604
21609
21617
21615
21618
21624
21628
21632
21633
21637
21639
21640
21642
21645
21646
21648
21650
21649
21651
21652
21654
21656
21658
21659
21660
21663
21653
21667
21670
21669
21672
21673
21674
21676
21675
21677
21678
21679
21668
21680
21682
21684
21686
21681
21688
21689
21690
21691
21692
21693
21694
21695
21696
21698
21687
21699
21702
21703
21706
21697
21713
21715
21716
21718
21720
21722
21723
21726
21727
21729
21728
21730
21732
21731
21747
21758
21759
21760
21761
21762
21768
21771
21782
21783
21787
21796
21805
21806
21807
21808
21809
21812
21813
21815
21816
21817
21818
21820
21821
21824
21825
21827
21829
21830
21831
21834
21839
21844
21848
21850
21852
21853
21854
21855
21856
21857
21858
21859
21870
21875
21881
21884
21885
21883
21889
21888
21890
21894
21897
21892
21898
21902
21901
21895
21903
21904
21909
21907
21911
21912
21908
21914
21916
21913
21917
21918
21919
21920
21924
21926
21931
21934
21933
21938
21939
21942
21944
21945
21951
21952
21953
21958
21957
21960
21962
21961
21963
21969
21975
21976
21977
21978
21979
21980
21981
21983
21985
21986
21987
21996
21998
21999
22001
22002
22003
22006
22005
22008
22011
22012
22015
22017
22018
22019
22022
22026
22028
22030
22032
22035
22036
22037
22038
22040
22041
22042
22044
22047
22039
22050
22053
22055
22061
22062
22063
22064
22065
22068
22069
22070
22071
22078
22079
22083
22086
22087
22088
22089
22091
22096
22098
22103
22104
22095
22106
22108
22110
22111
22115
22118
22119
22120
22122
22128
22129
22113
22126
22127
22131
22138
22139
22141
22142
22143
22144
22145
22146
22148
22147
22149
22150
22151
22153
22163
22168
22173
22174
22169
22180
22185
22184
22186
22190
22197
22196
22198
22202
22203
22204
22205
22206
22208
22207
22209
22210
22212
22214
22217
22218
22219
22221
22222
22220
22223
22224
22226
22225
22227
22228
22229
22231
22232
22234
22235
22237
22239
22245
22246
22247
22249
22250
22248
22251
22252
22253
22260
22261
22262
22263
22265
22266
22269
22268
22270
22272
22275
22276
22277
22278
22280
22281
22282
22283
22284
22286
22287
22290
22295
22296
22294
22299
22300
22304
22306
22308
22313
22312
22320
22321
22324
22325
22329
22330
22332
22322
22333
22336
22337
22340
22339
22346
22344
22343
22347
22348
22353
22352
22361
22360
22362
22364
22369
22363
22372
22374
22375
22378
22380
22381
22382
22384
22388
22389
22392
22393
22395
22397
22400
22399
22401
22402
22405
22409
22410
22403
22413
22415
22416
22417
22418
22420
22428
22432
22433
22438
22439
22441
22445
22444
22446
22453
22456
22457
22458
22459
22461
22463
22462
22464
22465
22469
22474
22475
22481
22482
22483
22486
22496
22497
22499
22506
22508
22513
22514
22516
22523
22525
22526
22524
22528
22529
22531
22534
22532
22535
22540
22533
22541
22542
22544
22545
22546
22547
22539
22550
22552
22558
22562
22563
22567
22569
22570
22566
22571
22574
22576
22580
22581
22587
22589
22591
22593
22594
22598
22604
22605
22607
22608
22610
22622
22629
22628
22632
22634
22630
22631
22635
22636
22644
22645
22641
22648
22646
22647
22651
22653
22652
22655
22654
22656
22658
22659
22661
22662
22663
22665
22666
22668
22669
22670
22674
22675
22676
22677
22678
22680
22684
22685
22686
22687
22690
22691
22696
22697
22695
22706
22709
22704
22713
22714
22715
22712
22721
22722
22723
22729
22730
22732
22736
22737
22735
22738
22740
22742
22746
22748
22743
22753
22754
22755
22756
22757
22760
22761
22764
22766
22767
22768
22763
22770
22771
22769
22776
22773
22778
22780
22782
22783
22789
22790
22781
22791
22793
22801
22802
22806
22810
22813
22818
22823
22830
22831
22834
22833
22837
22836
22838
22839
22840
22844
22845
22847
22848
22849
22850
22851
22853
22846
22860
22852
22863
22862
22865
22866
22867
22861
22864
22868
22869
22872
22875
22876
22877
22878
22880
22883
22884
22886
22889
22890
22891
22893
22896
22898
22902
22903
22904
22909
22912
22918
22917
22919
22920
22921
22923
22926
22928
22929
22930
22931
22932
22934
22933
22935
22942
22945
22952
22951
22953
22955
22957
22959
22960
22962
22961
22963
22964
22966
22973
22978
22979
22981
22982
22983
22977
22986
22987
22988
22990
22989
22991
22992
22993
22996
22997
23002
23004
23003
23005
23006
23008
23007
23010
23009
23011
23012
23013
23015
23016
23017
23025
23026
23027
23029
23028
23031
23032
23034
23036
23037
23038
23041
23035
23043
23040
23053
23057
23054
23058
23059
23060
23061
23063
23062
23064
23065
23066
23067
23070
23072
23071
23079
23080
23083
23085
23084
23087
23086
23081
23088
23089
23090
23091
23092
23093
23094
23099
23106
23100
23117
23118
23119
23123
23120
23124
23121
23131
23137
23136
23139
23140
23138
23141
23135
23144
23146
23145
23149
23147
23156
23157
23158
23162
23161
23163
23164
23171
23170
23175
23177
23176
23182
23183
23185
23184
23186
23187
23188
23195
23197
23198
23203
23204
23206
23208
23211
23212
23213
23214
23215
23216
23209
23219
23221
23222
23218
23224
23226
23227
23230
23228
23231
23225
23232
23229
23233
23235
23234
23236
23238
23240
23241
23242
23243
23246
23247
23248
23251
23249
23250
23252
23256
23258
23259
23261
23263
23264
23266
23268
23265
23267
23271
23272
23277
23276
23279
23278
23285
23288
23292
23295
23296
23297
23300
23299
23301
23304
23302
23306
23307
23308
23309
23311
23313
23316
23317
23315
23314
23321
23322
23320
23328
23318
23332
23337
23341
23346
23345
23343
23347
23344
23351
23354
23353
23358
23359
23360
23355
23364
23363
23361
23362
23366
23365
23369
23371
23372
23373
23370
23384
23379
23396
23400
23401
23402
23403
23409
23412
23414
23415
23413
23417
23419
23418
23421
23422
23425
23426
23420
23428
23432
23435
23436
23441
23440
23442
23443
23447
23445
23444
23448
23450
23453
23455
23457
23454
23458
23459
23460
23461
23456
23462
23463
23464
23467
23468
23469
23465
23466
23474
23475
23472
23477
23480
23481
23482
23484
23485
23486
23491
23492
23494
23489
23490
23499
23497
23500
23505
23507
23510
23519
23526
23534
23533
23536
23539
23540
23541
23542
23543
23545
23546
23547
23548
23549
23551
23552
23553
23554
23555
23556
23557
23558
23559
23560
23561
23562
23563
23564
23569
23572
23573
23575
23576
23577
23579
23582
23578
23584
23583
23585
23589
23591
23593
23597
23600
23595
23607
23602
23611
23612
23616
23623
23624
23625
23633
23634
23632
23636
23639
23640
23641
23643
23642
23644
23645
23646
23647
23648
23649
23652
23651
23653
23650
23656
23657
23658
23659
23661
23660
23662
23663
23664
23665
23667
23669
23670
23672
23673
23678
23679
23680
23682
23684
23674
23686
23687
23689
23693
23694
23695
23696
23697
23699
23700
23701
23707
23708
23709
23712
23713
23714
23716
23723
23725
23727
23731
23732
23734
23737
23740
23741
23743
23744
23747
23746
23745
23748
23749
23753
23754
23755
23757
23758
23762
23765
23769
23770
23774
23775
23777
23778
23780
23781
23785
23786
23787
23795
23797
23803
23804
23806
23809
23810
23812
23813
23814
23815
23818
23820
23821
23822
23824
23826
23828
23829
23831
23833
23835
23836
23837
23838
23840
23841
23842
23844
23845
23846
23850
23851
23852
23856
23858
23859
23860
23862
23863
23864
23866
23867
23868
23869
23870
23871
23872
23873
23874
23875
23865
23876
23877
23878
23879
23881
23882
23884
23883
23885
23886
23887
23888
23889
23890
23891
23892
23893
23896
23894
23897
23895
23900
23899
23901
23902
23904
23905
23906
23907
23909
23910
23913
23912
23911
23914
23915
23917
23918
23920
23921
23922
23926
23927
23929
23931
23934
23935
23930
23937
23938
23944
23946
23948
23950
23952
23953
23956
23955
23959
23960
23958
23961
23968
23975
23977
23978
23979
23980
23982
23983
23991
23993
23994
24011
24013
24027
24031
24036
24039
24044
24061
24064
24069
24074
24076
24082
24088
24089
24096
24093
24095
24107
24108
24112
24110
24117
24119
24120
24118
24121
24125
24138
24141
24142
24151
24157
24156
24158
24181
24193
24201
24204
24205
24207
24208
24210
24211
24213
24215
24216
24217
24219
24218
24222
24228
24233
24240
24242
24244
24247
24250
24252
24255
24262
24265
24263
24267
24268
24270
24279
24280
24281
24282
24283
24286
24287
24288
24289
24291
24290
24292
24294
24310
24313
24322
24325
24327
24332
24333
24334
24337
24336
24347
24352
24353
24354
24359
24360
24361
24378
24379
24380
24384
24386
24387
24389
24390
24399
24396
24400
24404
24407
24413
24416
24412
24419
24425
24423
24430
24431
24433
24434
24441
24443
24445
24456
24459
24463
24462
24467
24451
24471
24473
24482
24483
24484
24485
24493
24497
24501
24509
24507
24511
24529
24530
24532
24531
24533
24534
24537
24535
24536
24538
24541
24539
24540
24542
24544
24543
24545
24547
24549
24550
24557
24573
24572
24576
24579
24581
24591
24592
24597
24598
24599
24594
24596
24600
24601
24602
24606
24610
24608
24609
24627
24628
24635
24637
24639
24640
24644
24652
24651
24658
24673
24677
24680
24690
24691
24705
24706
24708
24715
24718
24717
24719
24720
24721
24723
24722
24724
24725
24727
24730
24728
24726
24733
24737
24741
24744
24758
24759
24760
24761
24763
24764
24765
24766
24770
24779
24780
24781
24783
24785
24788
24802
24806
24809
24812
24813
24815
24818
24819
24820
24824
24835
24838
24839
24840
24841
24842
24844
24843
24846
24845
24848
24847
24849
24850
24852
24851
24853
24854
24856
24855
24861
24866
24867
24871
24872
24875
24878
24882
24876
24888
24892
24893
24894
24895
24898
24896
24899
24901
24900
24897
24903
24904
24902
24906
24911
24915
24931
24949
24966
24967
24968
24974
24980
24989
24990
24994
25002
25008
25011
25013
25015
25017
25022
25024
25026
25027
25029
25030
25031
25034
25036
25039
25040
25042
25044
25045
25046
25049
25052
25056
25057
25067
25075
25082
25083
25085
25089
25090
25093
25097
25091
25096
25102
25098
25108
25115
25116
25118
25123
25125
25127
25131
25129
25136
25138
25139
25140
25141
25146
25152
25156
25158
25159
25171
25175
25174
25176
25179
25181
25184
25191
25192
25194
25193
25200
25201
25206
25207
25213
25215
25217
25219
25220
25226
25230
25231
25233
25227
25235
25238
25243
25244
25246
25247
25250
25254
25257
25258
25261
25265
25267
25268
25270
25271
25273
25275
25276
25277
25281
25285
25286
25288
25291
25292
25298
25294
25299
25302
25301
25304
25306
25307
25308
25309
25316
25317
25321
25323
25325
25324
25322
25328
25327
25332
25333
25331
25340
25341
25343
25344
25345
25346
25348
25347
25349
25342
25351
25357
25362
25365
25367
25368
25370
25371
25374
25375
25378
25380
25383
25382
25390
25393
25398
25399
25397
25401
25402
25404
25406
25408
25410
25411
25412
25414
25415
25416
25418
25420
25419
25421
25417
25427
25429
25444
25459
25463
25454
25464
25477
25480
25481
25483
25486
25488
25490
25513
25515
25514
25522
25529
25531
25526
25535
25534
25542
25546
25547
25552
25555
25561
25570
25575
25582
25586
25589
25591
25593
25595
25601
25605
25607
25609
25611
25612
25613
25614
25617
25615
25620
25616
25632
25640
25644
25668
25669
25671
25679
25681
25683
25685
25686
25691
25692
25702
25703
25709
25711
25717
25718
25725
25732
25733
25734
25737
25743
25759
25765
25776
25775
25777
25779
25785
25790
25791
25792
25798
25800
25804
25806
25811
25812
25813
25815
25814
25816
25817
25818
25819
25820
25824
25826
25828
25829
25830
25837
25836
25840
25841
25847
25849
25851
25856
25859
25860
25861
25863
25871
25873
25879
25880
25883
25885
25881
25897
25910
25916
25923
25928
25940
25942
25945
25954
25958
25963
25966
25972
25978
25980
25981
25984
25987
25989
25996
26000
26003
25995
26006
26008
26013
26021
26026
26027
26029
26043
26047
26048
26049
26050
26051
26052
26053
26045
26055
26059
26060
26062
26061
26063
26065
26066
26064
26067
26068
26069
26070
26071
26072
26074
26075
26073
26077
26079
26076
26080
26081
26082
26083
26084
26086
26087
26088
26090
26089
26091
26092
26093
26094
26095
26096
26085
26097
26098
26099
26101
26102
26104
26106
26107
26100
26105
26115
26128
26135
26139
26148
26157
26160
26159
26161
26164
26183
26192
26194
26197
26184
26206
26211
26212
26216
26210
26227
26231
26238
26248
26249
26253
26257
26260
26288
26287
26297
26307
26308
26313
26315
26310
26322
26324
26330
26343
26345
26348
26375
26377
26382
26383
26384
26392
26394
26396
26399
26401
26395
26403
26404
26402
26407
26406
26409
26411
26413
26412
26416
26415
26414
26417
26418
26420
26410
26419
26421
26424
26435
26438
26442
26445
26448
26453
26456
26457
26458
26462
26459
26464
26474
26485
26492
26511
26512
26519
26523
26524
26527
26532
26534
26543
26544
26545
26548
26549
26552
26553
26568
26585
26590
26591
26586
26597
26604
26605
26608
26611
26609
26613
26619
26620
26628
26632
26633
26634
26646
26649
26650
26658
26664
26668
26667
26669
26671
26683
26692
26696
26698
26704
26705
26711
26713
26717
26708
26720
26721
26724
26729
26733
26732
26735
26734
26737
26745
26749
26754
26756
26759
26767
26760
26778
26785
26786
26783
26794
26800
26795
26806
26822
26828
26833
26839
26844
26848
26858
26863
26870
26874
26876
26878
26885
26898
26902
26903
26913
26915
26917
26918
26931
26944
26951
26968
26975
26979
26980
26982
26981
26989
26991
26993
26992
26997
26996
26999
27000
27002
27013
27014
27008
27015
27021
27024
27025
27026
27032
27041
27044
27049
27050
27051
27055
27048
27054
27068
27071
27075
27077
27078
27080
27081
27082
27086
27087
27097
27110
27109
27121
27120
27125
27131
27132
27133
27140
27148
27155
27156
27158
27161
27162
27157
27159
27165
27166
27164
27167
27168
27177
27173
27180
27195
27229
27235
27239
27238
27249
27254
27262
27264
27268
27269
27282
27291
27293
27299
27305
27301
27309
27311
27314
27315
27319
27321
27330
27335
27340
27354
27355
27356
27363
27366
27368
27373
27377
27383
27388
27403
27415
27421
27424
27427
27426
27454
27469
27484
27488
27490
27493
27530
27556
27570
27571
27572
27574
27575
27577
27580
27587
27604
27615
27633
27634
27656
27666
27667
27704
27705
27718
27722
27746
27749
27750
27751
27754
27756
27780
27781
27794
27790
27833
27839
27849
27868
27872
27871
27887
27890
27894
27893
27898
27900
27912
27911
27914
27908
27913
27931
27946
27954
27968
27963
27975
27982
27987
27988
27992
28008
28009
28010
28012
28016
28021
28022
28024
28027
28057
28066
28074
28088
28091
28095
28092
28104
28106
28116
28122
28139
28140
28192
28193
28194
28202
28206
28207
28215
28217
28220
28221
28233
28239
28243
28246
28247
28244
28251
28252
28254
28253
28291
28301
28315
28330
28335
28343
28364
28372
28379
28394
28395
28399
28398
28400
28404
28405
28407
28408
28427
28442
28449
28451
28453
28458
28459
28461
28462
28464
28471
28474
28475
28477
28492
28511
28523
28534
28541
28544
28547
28551
28568
28566
28570
28576
28587
28595
28607
28612
28611
28613
28615
28617
28618
28619
28620
28621
28622
28631
28634
28639
28649
28674
28675
28693
28700
28703
28707
28711
28708
28716
28714
28724
28747
28748
28749
28754
28759
28782
28785
28786
28787
28803
28818
28817
28819
28821
28823
28824
28822
28825
28826
28838
28836
28839
28845
28846
28849
28862
28863
28873
28875
28877
28880
28882
28885
28890
28895
28896
28897
28898
28899
28901
28903
28905
28906
28915
28911
28919
28921
28923
28922
28924
28926
28928
28929
28948
28946
28950
28954
28962
28965
28970
28972
28977
28980
28984
28986
28992
28998
28996
28999
29002
29003
29001
29010
29011
29012
29013
29017
29022
29024
29026
29027
29031
29033
29034
29035
29036
29037
29045
29042
29051
29061
29081
29086
29089
29091
29102
29125
29133
29137
29139
29149
29152
29153
29155
29156
29158
29164
29171
29172
29179
29183
29198
29200
29202
29201
29206
29207
29205
29208
29209
29213
29219
29234
29240
29245
29247
29250
29253
29252
29255
29256
29265
29271
29273
29274
29276
29277
29285
29287
29300
29304
29308
29309
29312
29317
29321
29322
29325
29329
29330
29331
29337
29344
29357
29359
29356
29367
29370
29374
29375
29378
29386
29385
29391
29392
29401
29408
29411
29421
29439
29446
29438
29462
29479
29480
29503
29518
29519
29525
29526
29529
29531
29544
29554
29563
29567
29571
29575
29576
29583
29585
29590
29591
29593
29604
29608
29615
29619
29626
29644
29646
29647
29679
29684
29690
29700
29703
29704
29714
29724
29727
29728
29729
29730
29733
29736
29746
29747
29753
29752
29754
29755
29762
29766
29777
29781
29780
29783
29784
29782
29809
29823
29827
29831
29834
29836
29837
29838
29839
29841
29840
29842
29843
29844
29857
29868
29870
29875
29892
29893
29913
29962
29970
29984
29985
29986
29990
29991
29999
30001
30000
29995
30008
30009
30010
30012
30011
30016
30013
30005
30037
30039
30040
30047
30046
30056
30063
30053
30064
30070
30073
30078
30084
30087
30089
30090
30093
30094
30103
30107
30109
30108
30111
30115
30133
30135
30136
30138
30156
30158
30160
30161
30164
30166
30167
30169
30165
30170
30171
30176
30181
30184
30185
30186
30187
30188
30189
30190
30201
30208
30206
30199
30209
30210
30212
30213
30211
30214
30207
30215
30217
30219
30216
30218
30220
30222
30221
30223
30224
30225
30226
30228
30227
30229
30234
30241
30242
30243
30247
30249
30248
30251
30255
30260
30263
30268
30272
30279
30280
30281
30282
30283
30290
30291
30292
30293
30297
30300
30310
30311
30313
30328
30337
30334
30350
30354
30355
30369
30371
30372
30373
30376
30378
30386
30409
30408
30414
30417
30423
30424
30439
30444
30466
30473
30474
30475
30476
30480
30481
30503
30504
30509
30511
30514
30521
30524
30530
30531
30532
30534
30536
30538
30539
30540
30541
30544
30546
30551
30550
30556
30557
30549
30561
30572
30573
30578
30581
30585
30589
30591
30590
30594
30595
30601
30602
30603
30604
30605
30607
30608
30610
30611
30612
30609
30616
30635
30646
30659
30663
30676
30679
30684
30686
30687
30692
30693
30696
30697
30704
30714
30715
30716
30721
30725
30738
30739
30756
30757
30758
30759
30760
30763
30764
30772
30770
30791
30797
30802
30808
30812
30818
30834
30836
30845
30847
30848
30850
30851
30853
30852
30864
30878
30905
30908
30932
30962
30967
30971
30985
30986
30987
31014
31019
31025
31030
31033
31045
31054
31057
31075
31077
31084
31095
31098
31099
31110
31108
31136
31137
31145
31153
31157
31158
31171
31178
31181
31180
31188
31191
31192
31194
31195
31199
31202
31210
31212
31224
31226
31228
31229
31231
31233
31238
31259
31269
31271
31272
31274
31288
31290
31296
31298
31305
31308
31310
31316
31315
31317
31320
31326
31331
31335
31358
31360
31363
31366
31365
31373
31375
31376
31381
31384
31386
31391
31399
31406
31420
31423
31424
31425
31429
31434
31435
31438
31441
31455
31457
31464
31499
31500
31505
31508
31519
31520
31528
31529
31536
31531
31540
31543
31545
31562
31565
31566
31567
31568
31570
31571
31572
31573
31574
31577
31584
31612
31617
31620
31625
31628
31627
31631
31632
31653
31660
31663
31666
31691
31698
31702
31706
31705
31708
31709
31710
31716
31721
31724
31725
31727
31731
31720
31733
31734
31740
31741
31745
31746
31748
31749
31744
31756
31757
31755
31784
31786
31790
31807
31813
31814
31815
31816
31817
31818
31823
31824
31826
31827
31828
31829
31832
31830
31831
31833
31825
31836
31837
31838
31839
31840
31842
31844
31845
31846
31849
31841
31843
31852
31860
31870
31871
31872
31873
31874
31876
31877
31878
31881
31884
31885
31887
31886
31888
31889
31891
31898
31902
31912
31917
31925
31926
31931
31934
31940
31946
31953
31958
31959
31963
31964
31969
31971
31974
31982
31986
31990
32000
32002
31994
32001
32011
32016
32017
32018
32024
32025
32026
32028
32036
32055
32056
32057
32094
32096
32098
32102
32101
32103
32106
32104
32108
32112
32127
32131
32126
32133
32135
32129
32136
32138
32153
32154
32155
32156
32167
32190
32192
32198
32199
32200
32201
32204
32207
32210
32211
32212
32216
32230
32231
32232
32236
32240
32239
32245
32246
32252
32253
32247
32260
32259
32262
32264
32265
32266
32267
32268
32269
32270
32271
32281
32289
32291
32299
32315
32321
32340
32341
32342
32344
32346
32349
32348
32351
32350
32354
32347
32356
32357
32358
32359
32353
32360
32355
32361
32363
32362
32364
32366
32368
32369
32365
32370
32372
32373
32371
32374
32376
32377
32375
32379
32378
32380
32381
32382
32383
32384
32385
32386
32391
32394
32397
32398
32399
32401
32400
32402
32403
32405
32404
32396
32408
32410
32411
32414
32416
32415
32417
32418
32412
32413
32419
32421
32423
32424
32425
32426
32427
32431
32433
32434
32435
32436
32437
32438
32440
32441
32420
32439
32442
32453
32457
32452
32455
32460
32468
32469
32473
32475
32476
32477
32479
32485
32487
32492
32491
32495
32496
32498
32493
32500
32501
32503
32504
32506
32505
32509
32510
32512
32515
32518
32521
32525
32530
32538
32542
32550
32551
32554
32561
32564
32565
32572
32573
32578
32586
32587
32592
32602
32632
32641
32645
32650
32655
32656
32658
32659
32660
32661
32662
32663
32664
32667
32672
32675
32676
32681
32682
32697
32699
32696
32702
32701
32704
32705
32710
32711
32706
32715
32717
32718
32719
32721
32723
32725
32727
32729
32730
32731
32732
32734
32724
32735
32736
32737
32738
32739
32741
32733
32743
32747
32745
32748
32750
32751
32749
32752
32754
32756
32755
32757
32758
32759
32763
32762
32766
32768
32769
32772
32773
32765
32775
32778
32777
32780
32781
32783
32784
32785
32787
32788
32791
32792
32794
32786
32793
32789
32796
32795
32797
32800
32798
32803
32805
32806
32799
32808
32809
32813
32807
32815
32810
32814
32811
32818
32816
32819
32820
32821
32822
32824
32826
32828
32827
32829
32837
32839
32842
32844
32846
32848
32854
32865
32864
32871
32876
32875
32878
32880
32877
32883
32882
32884
32885
32886
32889
32879
32894
32897
32903
32905
32907
32908
32912
32919
32920
32917
32918
32923
32927
32931
32935
32938
32937
32936
32949
32950
32951
32952
32954
32955
32957
32948
32956
32960
32959
32962
32963
32964
32965
32967
32970
32966
32968
32972
32973
32976
32971
32977
32980
32975
32983
32988
32991
32984
32992
32993
32994
32995
32997
32999
33008
33006
33012
33011
33014
33013
33026
33032
33027
33036
33038
33040
33042
33041
33044
33043
33047
33053
33056
33058
33059
33072
33071
33074
33069
33073
33075
33080
33082
33083
33085
33089
33084
33088
33093
33094
33096
33090
33092
33100
33099
33101
33109
33113
33123
33129
33131
33136
33140
33141
33144
33143
33148
33151
33154
33158
33161
33165
33164
33173
33174
33177
33178
33179
33180
33181
33182
33184
33185
33183
33186
33187
33189
33188
33190
33191
33192
33204
33207
33211
33213
33212
33216
33219
33223
33230
33231
33233
33235
33232
33234
33236
33237
33238
33239
33240
33242
33259
33260
33262
33263
33264
33265
33267
33269
33266
33268
33270
33277
33281
33284
33285
33286
33288
33287
33289
33291
33293
33290
33292
33299
33306
33313
33323
33325
33327
33334
33350
33353
33354
33359
33366
33373
33368
33372
33381
33383
33398
33399
33405
33418
33426
33428
33434
33433
33439
33448
33453
33458
33451
33462
33464
33466
33463
33467
33487
33488
33493
33492
33499
33505
33507
33508
33509
33513
33514
33520
33524
33528
33526
33529
33530
33527
33531
33532
33533
33547
33549
33550
33553
33552
33559
33562
33566
33561
33568
33567
33573
33574
33577
33585
33590
33593
33594
33596
33597
33595
33599
33612
33618
33620
33619
33621
33617
33626
33628
33629
33631
33634
33637
33635
33640
33643
33648
33649
33650
33655
33656
33654
33658
33659
33662
33653
33663
33661
33669
33674
33675
33677
33678
33679
33683
33685
33690
33681
33692
33698
33702
33703
33724
33732
33739
33741
33742
33745
33747
33746
33749
33748
33750
33751
33752
33755
33756
33757
33758
33760
33759
33761
33768
33770
33764
33772
33771
33775
33776
33777
33779
33780
33778
33791
33795
33798
33797
33803
33805
33804
33815
33816
33822
33824
33829
33830
33834
33835
33837
33845
33844
33846
33847
33849
33848
33850
33852
33854
33853
33855
33856
33861
33863
33864
33865
33867
33873
33872
33874
33877
33878
33879
33880
33881
33883
33884
33886
33885
33887
33882
33888
33890
33891
33892
33893
33894
33895
33896
33897
33898
33899
33900
33902
33904
33906
33905
33907
33915
33917
33919
33921
33922
33925
33929
33930
33934
33938
33946
33949
33950
33956
33958
33959
33960
33961
33955
33957
33962
33963
33964
33966
33965
33969
33970
33967
33971
33973
33968
33975
33972
33977
33978
33980
33981
33983
33986
33979
33982
33991
33992
33993
33995
34002
34007
34009
34010
34011
34020
34022
34026
34030
34033
34034
34041
34046
34049
34054
34055
34073
34080
34087
34085
34097
34105
34109
34110
34115
34114
34116
34117
34118
34121
34119
34120
34122
34123
34124
34136
34135
34140
34141
34142
34150
34154
34156
34157
34160
34159
34161
34153
34165
34169
34174
34176
34178
34185
34197
34198
34201
34200
34199
34206
34215
34217
34218
34221
34224
34225
34230
34232
34234
34235
34227
34236
34237
34240
34238
34242
34241
34245
34244
34239
34249
34248
34250
34251
34252
34246
34253
34254
34256
34255
34257
34258
34259
34260
34262
34261
34263
34264
34265
34266
34267
34268
34270
34271
34272
34273
34274
34278
34281
34285
34286
34284
34287
34289
34290
34291
34292
34293
34294
34296
34298
34301
34304
34307
34310
34313
34315
34316
34323
34331
34332
34333
34338
34339
34344
34345
34347
34346
34348
34350
34351
34352
34353
34343
34355
34356
34354
34349
34357
34358
34360
34362
34363
34365
34364
34366
34371
34373
34378
34383
34382
34385
34386
34391
34393
34392
34394
34395
34396
34398
34399
34400
34401
34402
34403
34405
34404
34406
34397
34407
34408
34409
34410
34411
34412
34413
34414
34415
34419
34428
34429
34430
34431
34432
34434
34435
34436
34437
34439
34443
34442
34445
34447
34448
34451
34450
34452
34454
34455
34457
34460
34470
34471
34472
34475
34476
34481
34484
34486
34487
34485
34488
34492
34495
34502
34503
34519
34522
34523
34524
34534
34535
34537
34539
34538
34540
34541
34542
34543
34547
34550
34551
34553
34554
34555
34558
34548
34562
34565
34567
34568
34566
34569
34570
34575
34578
34579
34572
34571
34580
34587
34590
34591
34589
34603
34607
34608
34609
34610
34611
34612
34613
34605
34616
34619
34621
34622
34624
34625
34627
34628
34633
34634
34635
34639
34629
34638
34641
34642
34643
34656
34663
34661
34669
34670
34674
34680
34687
34688
34691
34692
34693
34694
34705
34706
34709
34710
34702
34718
34721
34722
34724
34725
34727
34731
34735
34736
34739
34744
34753
34755
34757
34758
34761
34770
34771
34776
34779
34780
34790
34797
34798
34801
34802
34804
34805
34807
34808
34809
34811
34810
34815
34816
34817
34822
34823
34826
34827
34828
34830
34831
34829
34832
34833
34839
34849
34850
34855
34853
34858
34863
34864
34865
34871
34872
34874
34876
34880
34877
34879
34882
34884
34886
34885
34887
34888
34889
34878
34890
34892
34891
34893
34895
34894
34896
34897
34903
34904
34906
34909
34907
34908
34910
34911
34913
34914
34915
34917
34918
34919
34922
34923
34920
34924
34925
34927
34930
34934
34936
34946
34947
34948
34949
34950
34951
34952
34953
34954
34955
34956
34957
34960
34961
34963
34962
34964
34965
34966
34967
34968
34969
34970
34971
34973
34974
34975
34976
34972
34980
34983
34984
34978
34987
34990
34994
34997
35013
35014
35012
35015
35029
35037
35036
35034
35039
35042
35041
35045
35061
35071
35079
35083
35082
35084
35085
35086
35087
35088
35089
35090
35093
35092
35091
35095
35094
35096
35097
35099
35098
35103
35104
35108
35111
35116
35130
35132
35133
35131
35134
35136
35141
35142
35145
35146
35149
35150
35154
35158
35152
35162
35163
35167
35168
35174
35182
35184
35183
35187
35193
35194
35195
35202
35204
35205
35208
35209
35210
35211
35213
35218
35224
35226
35228
35229
35230
35231
35234
35235
35239
35238
35240
35243
35244
35245
35246
35248
35249
35251
35242
35255
35254
35256
35260
35259
35261
35268
35269
35270
35271
35276
35274
35278
35277
35279
35283
35285
35287
35288
35289
35290
35291
35293
35294
35296
35286
35299
35298
35301
35303
35305
35306
35308
35300
35310
35309
35311
35313
35312
35307
35315
35316
35317
35318
35321
35322
35323
35325
35326
35319
35329
35330
35328
35331
35332
35333
35334
35335
35338
35340
35341
35339
35344
35346
35345
35347
35348
35342
35349
35350
35352
35355
35351
35356
35353
35354
35357
35359
35360
35363
35364
35362
35361
35368
35366
35365
35369
35370
35372
35373
35375
35376
35377
35378
35380
35374
35383
35386
35387
35388
35389
35391
35390
35393
35394
35398
35407
35408
35400
35409
35410
35406
35413
35414
35415
35416
35417
35419
35420
35422
35421
35423
35424
35425
35427
35430
35431
35433
35434
35437
35438
35439
35440
35441
35442
35444
35443
35445
35446
35447
35448
35450
35449
35455
35456
35457
35459
35461
35462
35465
35466
35467
35468
35469
35472
35473
35474
35476
35477
35475
35478
35481
35479
35480
35482
35483
35484
35485
35486
35487
35488
35489
35490
35492
35491
35493
35495
35496
35497
35498
35500
35501
35499
35502
35504
35505
35503
35506
35507
35508
35509
35512
35510
35511
35514
35516
35515
35517
35518
35519
35520
35521
35513
35524
35523
35522
35525
35526
35527
35528
35529
35530
35532
35533
35535
35534
35536
35537
35538
35539
35540
35531
35544
35542
35548
35551
35557
35559
35562
35566
35570
35573
35575
35576
35577
35578
35579
35582
35586
35590
35591
35593
35592
35594
35596
35598
35599
35600
35602
35601
35603
35604
35605
35606
35607
35597
35609
35615
35618
35622
35625
35628
35629
35641
35644
35649
35654
35655
35665
35666
35667
35673
35674
35672
35676
35679
35677
35682
35699
35702
35707
35706
35709
35722
35723
35729
35732
35737
35741
35742
35743
35745
35740
35750
35748
35744
35754
35757
35758
35762
35763
35764
35765
35766
35767
35769
35768
35773
35770
35771
35774
35776
35775
35778
35772
35777
35779
35783
35784
35785
35781
35786
35782
35787
35788
35792
35794
35798
35804
35805
35809
35812
35803
35811
35815
35816
35817
35828
35820
35833
35839
35843
35844
35845
35850
35853
35858
35859
35863
35864
35865
35869
35870
35872
35873
35874
35876
35877
35875
35878
35879
35880
35871
35887
35889
35890
35893
35892
35898
35902
35903
35904
35905
35910
35931
35932
35930
35937
35943
35947
35959
35960
35968
35969
35972
35970
35974
35971
35982
35989
35991
35990
35998
36000
36001
36002
36008
36009
36021
36034
36033
36032
36035
36038
36039
36042
36043
36050
36051
36053
36052
36057
36064
36065
36066
36070
36071
36076
36078
36080
36081
36084
36082
36083
36097
36098
36099
36101
36103
36100
36112
36104
36114
36116
36118
36145
36146
36148
36150
36154
36156
36149
36158
36168
36173
36186
36189
36190
36207
36205
36227
36230
36240
36248
36252
36254
36263
36268
36285
36286
36297
36287
36302
36307
36308
36306
36309
36310
36312
36313
36311
36314
36315
36317
36318
36320
36319
36316
36322
36327
36333
36356
36360
36359
36365
36364
36366
36368
36370
36363
36369
36367
36378
36379
36381
36385
36382
36383
36386
36388
36390
36396
36398
36413
36417
36418
36420
36422
36425
36426
36428
36429
36435
36436
36437
36438
36440
36441
36442
36449
36448
36451
36453
36452
36454
36462
36466
36467
36468
36469
36474
36475
36476
36477
36478
36480
36482
36483
36490
36493
36500
36502
36507
36506
36508
36509
36510
36512
36518
36526
36524
36528
36532
36535
36533
36541
36543
36544
36545
36547
36548
36552
36559
36582
36591
36596
36603
36623
36624
36625
36632
36636
36638
36639
36641
36644
36653
36654
36655
36650
36660
36667
36673
36684
36688
36689
36694
36705
36710
36711
36729
36732
36735
36740
36742
36743
36757
36755
36761
36776
36777
36780
36788
36793
36798
36803
36805
36806
36813
36845
36913
36925
36924
36935
36937
36932
36948
36953
36966
36977
36976
36991
36997
37016
37029
37033
37046
37045
37057
37070
37071
37072
37073
37074
37075
37076
37069
37077
37078
37095
37099
37101
37102
37104
37105
37106
37111
37115
37118
37125
37139
37149
37153
37162
37167
37186
37188
37192
37212
37217
37226
37236
37240
37243
37242
37246
37256
37261
37262
37271
37273
37278
37283
37282
37289
37321
37322
37336
37344
37349
37359
37362
37361
37375
37388
37391
37400
37411
37424
37435
37436
37439
37442
37452
37456
37457
37458
37465
37470
37469
37475
37483
37489
37492
37499
37493
37507
37515
37525
37535
37544
37546
37548
37561
37578
37580
37599
37617
37619
37642
37663
37669
37670
37675
37676
37681
37683
37704
37706
37734
37732
37739
37745
37747
37752
37755
37762
37761
37763
37772
37778
37782
37783
37784
37790
37794
37802
37805
37808
37814
37825
37829
37831
37830
37854
37856
37864
37872
37887
37906
37908
37912
37914
37934
37962
37965
37966
37967
37968
37972
37974
37979
37989
38024
38028
38032
38039
38062
38064
38076
38079
38083
38092
38106
38110
38113
38115
38118
38127
38137
38139
38149
38161
38169
38175
38184
38188
38192
38196
38197
38204
38213
38232
38235
38236
38242
38245
38247
38250
38249
38270
38276
38278
38284
38306
38316
38320
38331
38334
38337
38339
38354
38367
38400
38406
38402
38411
38418
38420
38419
38422
38424
38426
38435
38439
38443
38447
38449
38451
38474
38475
38477
38478
38479
38480
38482
38484
38483
38485
38486
38481
38488
38490
38489
38491
38487
38496
38495
38497
38504
38506
38508
38513
38515
38522
38532
38550
38561
38566
38569
38571
38573
38572
38574
38584
38595
38597
38596
38600
38603
38605
38607
38644
38648
38656
38657
38672
38676
38675
38679
38689
38692
38698
38708
38709
38710
38711
38712
38723
38733
38737
38740
38744
38754
38755
38767
38776
38781
38796
38797
38798
38799
38801
38806
38838
38847
38852
38856
38858
38859
38861
38860
38865
38871
38873
38885
38886
38893
38895
38899
38903
38905
38906
38910
38912
38915
38926
38927
38928
38930
38929
38933
38936
38943
38947
38949
38976
38979
38990
38994
38997
39000
39007
39010
39012
39014
39031
39032
39034
39040
39046
39058
39059
39066
39070
39071
39073
39077
39078
39079
39080
39086
39090
39096
39116
39121
39124
39132
39134
39136
39133
39147
39146
39149
39151
39160
39161
39165
39173
39174
39184
39187
39186
39191
39199
39201
39221
39226
39237
39236
39238
39247
39248
39244
39249
39258
39270
39272
39275
39289
39290
39292
39296
39294
39299
39300
39316
39321
39325
39326
39332
39330
39339
39355
39357
39364
39363
39362
39365
39380
39381
39389
39394
39416
39423
39427
39429
39430
39438
39447
39460
39475
39487
39492
39515
39530
39532
39534
39546
39548
39553
39565
39566
39680
39687
39692
39696
39701
39740
39747
39748
39753
39759
39782
39789
39790
39791
39792
39809
39808
39812
39836
39838
39841
39846
39866
39944
39942
39947
39955
39960
39963
39970
39980
39990
40050
40051
40063
40068
40086
40098
40101
40116
40117
40128
40133
40138
40143
40148
40152
40174
40176
40178
40183
40184
40182
40189
40193
40245
40259
40265
40267
40335
40379
40381
40395
40401
40402
40412
40431
40445
40488
40497
40510
40516
40561
40565
40691
40667
40665
40702
40704
40703
40705
40710
40712
40726
40733
40734
40736
40753
40754
40755
40758
40780
40795
40803
40806
40809
40816
40831
40835
40840
40845
40853
40868
40869
40870
40884
40893
40899
40901
40902
40903
40904
40905
40915
40936
40964
40965
40984
40988
40999
41000
41026
41031
41037
41040
41048
41049
41056
41067
41068
41074
41083
41085
41086
41087
41106
41108
41117
41119
41122
41133
41137
41139
41134
41143
41136
41147
41145
41148
41151
41146
41138
41159
41162
41176
41190
41224
41229
41246
41247
41256
41265
41267
41270
41285
41286
41287
41304
41318
41322
41323
41346
22254
23352
23407
23473
23501
23511
23580
24009
24891
26078
27038
32863
32898
32900
32890
33087
33098
34986
39813
40588
40590
40596
40604
40606
40607
40605
40608
40612
40614
40622
40621
40666
40656
40672
40674
40673
40646
41351
41352
41350
41353
41354
41356
41359
41395
41403
41406
41408
41410
41412
41418
41433
41435
41437
41442
41450
41448
41451
41476
41489
41494
41501
41502
41509
41510
41512
41514
41519
41557
41563
41596
41615
41618
41620
41626
41649
41652
41658
41657
41672
41674
41683
41684
41687
41690
41693
41685
41695
41694
41697
41691
41699
41706
41711
41713
41702
41716
41718
41717
41715
41719
41720
41722
41721
41723
41724
41742
41746
41798
41887
41892
41933
41935
