35270
36421
99529
99530
99545
99623
99629
99731
99812
85083
85096
85097
85117
85118
85119
85120
85121
85122
85123
85127
85128
85130
85131
85132
85135
85137
85138
85139
85140
85141
85142
85143
85145
85147
85172
85173
85178
85190
85191
85192
85193
85194
85209
85286
85295
85298
85388
85392
85395
85396
85658
85755
85756
85757
86005
86315
86409
72019
72198
72255
90090
90189
90755
90895
91008
91199
92010
92011
92081
92247
92248
92331
92344
92395
92617
92725
93036
93290
93314
93475
93619
93636
93723
93730
93737
94158
94505
94534
94582
95467
95757
95811
80023
80108
80109
80113
80247
80902
80923
80924
80927
80938
80939
80951
81403
81507
6042
6338
6461
6792
6824
6825
6828
6838
6890
32006
32026
32081
32143
32163
32723
32745
32885
32896
33106
33206
33222
33336
33449
33472
33473
33542
33545
33563
33575
33578
33579
33596
33646
33812
33929
33966
33967
33973
33974
33976
34290
34291
34441
34637
34638
34692
34714
34715
30112
30169
30270
30363
30536
31026
31136
31144
31169
31562
31719
31721
31788
39813
39815
39817
39818
39819
39823
39824
39825
39826
39827
39828
39829
39832
39834
39836
39837
39840
39841
39842
39845
39846
39851
39852
39854
39859
39861
39862
39866
39867
39870
39877
39885
39886
39897
83646
60124
60169
60290
60398
60403
60404
60428
60483
60484
60487
60491
60502
60503
60569
60585
60586
60642
60682
60686
60689
60695
60958
61705
62711
62712
46037
46062
46085
46197
46210
46213
46262
47190
50023
50099
50324
50982
50983
52734
67843
40122
40166
40598
40746
40747
40748
40750
41021
41025
42061
70093
70097
70595
70873
70891
71150
71217
20588
20810
20811
20993
21065
21409
1434
2298
48033
48168
48193
48480
48638
48855
49037
49519
49528
49534
55130
55467
63368
63380
64002
64162
65897
68379
68544
89002
89034
89037
89044
89054
89067
89081
89085
89087
89105
89136
89140
89157
89158
89161
89162
89165
89166
89169
89178
89179
89183
89441
89460
89508
89519
89521
89555
3285
3586
3593
3823
3861
7395
7699
8644
87144
87151
87654
88007
88013
88081
10065
10075
10949
27268
27497
27523
27527
27528
27539
27574
27815
28035
28263
28312
28759
58803
43069
43194
43195
45400
45950
73025
73035
73039
73046
73076
73081
73087
73088
73091
73100
73656
73723
73725
73849
74019
74100
74353
74439
74548
74835
74838
74863
74877
74882
97003
97086
97089
97239
97317
97322
97471
97475
15289
17015
17202
17335
17408
17611
17622
18302
18902
19060
19176
19190
19195
29021
29707
29907
29909
37544
37934
37955
38129
73960
75033
75156
75334
75340
75343
75344
75358
75369
75797
76166
76190
77407
77498
77523
78541
78542
78574
78633
78798
84005
84045
84081
84096
84129
5408
20189
20598
22025
22350
22551
22556
23453
23500
23600
24205
98030
98077
98087
98089
98113
98127
98139
98141
98165
98175
98189
98194
98213
98229
98391
98417
98419
98448
98490
98496
99354
20022
20023
20027
20252
20355
20417
20509
20511
20528
20529
56901
56902
56904
56915
56920
56933
56935
56944
56945
56950
56965
56967
56972
56998
56999
25403
25404
25405
25888
53548
53774
54482
83414